Date,Time,Open,High,Low,Close,Volume,OpenInt
2017-05-22,01:00:00,2381.25,2383.75,2381.25,2383,0,0
2017-05-22,02:00:00,2383.25,2383.25,2381.25,2382.5,0,0
2017-05-22,03:00:00,2382.38,2384,2381.5,2381.5,0,0
2017-05-22,04:00:00,2382,2383.25,2381.5,2382.5,0,0
2017-05-22,05:00:00,2382.25,2384,2382.25,2382.75,0,0
2017-05-22,06:00:00,2383,2384.25,2382.75,2384.25,0,0
2017-05-22,07:00:00,2384.5,2384.5,2383.25,2383.25,0,0
2017-05-22,08:00:00,2383.5,2384.5,2383,2384,0,0
2017-05-22,09:00:00,2384.88,2385.25,2384,2384.5,0,0
2017-05-22,10:00:00,2384.5,2384.75,2380.25,2382,0,0
2017-05-22,11:00:00,2382,2383,2380.75,2382,0,0
2017-05-22,12:00:00,2382.5,2383,2378.25,2380,0,0
2017-05-22,13:00:00,2380,2382,2379.5,2381.5,0,0
2017-05-22,14:00:00,2381.25,2383.5,2381.25,2383,0,0
2017-05-22,15:00:00,2383.5,2384.25,2382,2383.5,0,0
2017-05-22,16:00:00,2383.5,2390.75,2383.5,2389.5,0,0
2017-05-22,17:00:00,2389.5,2391,2385.25,2386.5,0,0
2017-05-22,18:00:00,2385.75,2389.75,2385.75,2389.75,0,0
2017-05-22,19:00:00,2389.75,2393.5,2389.25,2391,0,0
2017-05-22,20:00:00,2391.5,2392.5,2390.5,2390.5,0,0
2017-05-22,21:00:00,2390.25,2392.5,2389.75,2391.5,0,0
2017-05-22,22:00:00,2391.25,2394,2391.25,2392,0,0
2017-05-22,23:00:00,2392,2394,2392,2393.5,0,0
2017-05-23,01:00:00,2392.75,2394.75,2389.25,2389.5,0,0
2017-05-23,02:00:00,2389.5,2390,2386.75,2387.5,0,0
2017-05-23,03:00:00,2387.5,2389.5,2387.25,2389,0,0
2017-05-23,04:00:00,2389,2390,2388.5,2388.75,0,0
2017-05-23,05:00:00,2388.5,2391.25,2388.5,2391,0,0
2017-05-23,06:00:00,2390.75,2391.25,2390.5,2391,0,0
2017-05-23,07:00:00,2391,2391,2390.5,2390.75,0,0
2017-05-23,08:00:00,2391,2391,2388.5,2389.75,0,0
2017-05-23,09:00:00,2389.75,2391,2388.25,2388.5,0,0
2017-05-23,10:00:00,2388.25,2396.25,2388.25,2395.75,0,0
2017-05-23,11:00:00,2395.75,2397.5,2395,2396,0,0
2017-05-23,12:00:00,2396,2396.75,2394.5,2394.75,0,0
2017-05-23,13:00:00,2395.25,2396,2394.75,2395.5,0,0
2017-05-23,14:00:00,2395.75,2397.5,2395.5,2396,0,0
2017-05-23,15:00:00,2396,2396.75,2395.25,2395.5,0,0
2017-05-23,16:00:00,2396,2397.25,2392.75,2393.75,0,0
2017-05-23,17:00:00,2393.5,2396.25,2392.25,2396,0,0
2017-05-23,18:00:00,2396,2398.5,2395.5,2398.25,0,0
2017-05-23,19:00:00,2398.25,2399.5,2395.25,2395.5,0,0
2017-05-23,20:00:00,2395.5,2398.25,2395.5,2397,0,0
2017-05-23,21:00:00,2397.5,2399,2395.75,2397.75,0,0
2017-05-23,22:00:00,2398,2399,2395.5,2397,0,0
2017-05-23,23:00:00,2397,2398.5,2396.75,2397.25,0,0
2017-05-24,01:00:00,2396.5,2397,2396.25,2396.75,0,0
2017-05-24,02:00:00,2396.75,2397,2396.5,2397,0,0
2017-05-24,03:00:00,2396.75,2397.25,2395,2396,0,0
2017-05-24,04:00:00,2396,2396.5,2395.25,2396,0,0
2017-05-24,05:00:00,2395.75,2396.25,2395.5,2396,0,0
2017-05-24,06:00:00,2396.5,2396.5,2395.75,2395.75,0,0
2017-05-24,07:00:00,2395.5,2396,2395.25,2395.5,0,0
2017-05-24,08:00:00,2396,2396.5,2395.5,2396.25,0,0
2017-05-24,09:00:00,2396,2397.25,2395.75,2396.75,0,0
2017-05-24,10:00:00,2396.5,2399.25,2395.25,2398.75,0,0
2017-05-24,11:00:00,2398.75,2399,2397.25,2398.5,0,0
2017-05-24,12:00:00,2398.5,2399,2397.5,2398.25,0,0
2017-05-24,13:00:00,2398.5,2399,2397,2397,0,0
2017-05-24,14:00:00,2397,2398,2397,2397.75,0,0
2017-05-24,15:00:00,2398,2399.25,2398,2399,0,0
2017-05-24,16:00:00,2398.75,2400.5,2397.5,2398.75,0,0
2017-05-24,17:00:00,2399,2400,2397,2398.25,0,0
2017-05-24,18:00:00,2398.25,2399.75,2397,2398,0,0
2017-05-24,19:00:00,2398,2399.25,2397.5,2398.5,0,0
2017-05-24,20:00:00,2398.75,2399,2397.25,2398.25,0,0
2017-05-24,21:00:00,2398.25,2401.75,2396.25,2400,0,0
2017-05-24,22:00:00,2400.12,2403.5,2398.5,2403.25,0,0
2017-05-24,23:00:00,2403.25,2403.5,2401.25,2403.25,0,0
2017-05-24,23:59:00,2403.25,2403.25,2403.25,2403.25,0,0
2017-05-25,01:00:00,2403,2403.75,2402.5,2403.25,0,0
2017-05-25,02:00:00,2403.75,2404,2403,2403,0,0
2017-05-25,03:00:00,2403.5,2404.25,2402.75,2403.5,0,0
2017-05-25,04:00:00,2403.25,2411,2403.25,2407.5,0,0
2017-05-25,05:00:00,2407.25,2410.25,2407.25,2409.25,0,0
2017-05-25,06:00:00,2409.62,2410,2408.75,2409,0,0
2017-05-25,07:00:00,2409.25,2409.25,2408.75,2408.75,0,0
2017-05-25,08:00:00,2408.75,2411.75,2408.75,2411.25,0,0
2017-05-25,09:00:00,2411.25,2412.25,2410.25,2410.75,0,0
2017-05-25,10:00:00,2410.5,2411,2407,2407.75,0,0
2017-05-25,11:00:00,2407.75,2408.25,2405.75,2407.75,0,0
2017-05-25,12:00:00,2407.75,2410,2407.75,2409.5,0,0
2017-05-25,13:00:00,2409.75,2409.75,2408,2408.5,0,0
2017-05-25,14:00:00,2408.5,2409,2406.5,2407.5,0,0
2017-05-25,15:00:00,2408,2409,2406.25,2408.25,0,0
2017-05-25,16:00:00,2408.25,2411.75,2406.5,2410.5,0,0
2017-05-25,17:00:00,2410.5,2414.5,2410,2413.25,0,0
2017-05-25,18:00:00,2413.25,2416.25,2410.75,2411,0,0
2017-05-25,19:00:00,2411.5,2415.25,2410.25,2415.25,0,0
2017-05-25,20:00:00,2415.25,2415.5,2412.25,2414.25,0,0
2017-05-25,21:00:00,2414.25,2416.5,2413.75,2415.25,0,0
2017-05-25,22:00:00,2415.25,2417.5,2413,2413,0,0
2017-05-25,23:00:00,2413,2413.75,2412,2413.25,0,0
2017-05-26,01:00:00,2413.75,2414,2411.25,2412,0,0
2017-05-26,02:00:00,2411.75,2413.25,2411.75,2412.75,0,0
2017-05-26,03:00:00,2412.5,2413.25,2411.5,2412,0,0
2017-05-26,04:00:00,2412,2413.75,2412,2412.75,0,0
2017-05-26,05:00:00,2412.75,2412.75,2410.5,2411,0,0
2017-05-26,06:00:00,2411.5,2412,2411.25,2411.75,0,0
2017-05-26,07:00:00,2412,2412.5,2411.5,2412.25,0,0
2017-05-26,08:00:00,2412,2412.5,2411.25,2411.5,0,0
2017-05-26,09:00:00,2411.75,2412.75,2411.25,2412.5,0,0
2017-05-26,10:00:00,2412.75,2415.5,2411.75,2415,0,0
2017-05-26,11:00:00,2415,2415.75,2411.25,2411.5,0,0
2017-05-26,12:00:00,2411.5,2412.5,2410,2410.25,0,0
2017-05-26,13:00:00,2410,2411.75,2410,2410.75,0,0
2017-05-26,14:00:00,2411,2411.5,2408.25,2408.25,0,0
2017-05-26,15:00:00,2408.5,2411.5,2408.25,2411,0,0
2017-05-26,16:00:00,2411,2414.5,2411,2414,0,0
2017-05-26,17:00:00,2414,2415.5,2412.5,2413.25,0,0
2017-05-26,18:00:00,2413,2414.75,2411.75,2411.75,0,0
2017-05-26,19:00:00,2411.75,2414.75,2411.75,2414,0,0
2017-05-26,20:00:00,2413.75,2415,2413,2413.25,0,0
2017-05-26,21:00:00,2413.25,2414.5,2412.75,2414.25,0,0
2017-05-26,22:00:00,2414,2415,2412.75,2413.75,0,0
2017-05-26,23:00:00,2413.75,2414.75,2413.25,2414.5,0,0
2017-05-29,01:00:00,2414.25,2416.75,2414,2416.75,0,0
2017-05-29,02:00:00,2416.75,2417,2415.5,2415.5,0,0
2017-05-29,03:00:00,2415.5,2416.25,2413.75,2416,0,0
2017-05-29,04:00:00,2415.75,2416.5,2415.25,2416.25,0,0
2017-05-29,05:00:00,2416,2416.5,2415.5,2415.75,0,0
2017-05-29,06:00:00,2415.88,2416.75,2415.75,2416,0,0
2017-05-29,07:00:00,2416.25,2416.25,2415.5,2415.5,0,0
2017-05-29,08:00:00,2416,2416,2415.25,2415.25,0,0
2017-05-29,09:00:00,2415.5,2415.5,2414.75,2414.75,0,0
2017-05-29,10:00:00,2415.25,2415.25,2413.75,2415,0,0
2017-05-29,11:00:00,2415.5,2415.75,2414.25,2414.5,0,0
2017-05-29,12:00:00,2414.25,2415.75,2414,2415,0,0
2017-05-29,13:00:00,2414.75,2415.75,2414.5,2415.5,0,0
2017-05-29,14:00:00,2415.25,2416.25,2415,2415.75,0,0
2017-05-29,15:00:00,2416,2416.75,2415.75,2416.75,0,0
2017-05-29,16:00:00,2416.75,2417,2416.25,2416.25,0,0
2017-05-29,17:00:00,2416.75,2416.75,2414.75,2414.75,0,0
2017-05-29,18:00:00,2414.5,2415.75,2414.25,2415.25,0,0
2017-05-29,19:00:00,2415,2415,2414.5,2414.5,0,0
2017-05-30,01:00:00,2414.25,2414.5,2414,2414.25,0,0
2017-05-30,02:00:00,2414,2414.75,2413.75,2414.25,0,0
2017-05-30,03:00:00,2414.75,2414.75,2413.75,2413.75,0,0
2017-05-30,04:00:00,2414,2414,2410.25,2411,0,0
2017-05-30,05:00:00,2410.75,2411.75,2410.75,2411.25,0,0
2017-05-30,06:00:00,2411.75,2413,2411.25,2412.75,0,0
2017-05-30,07:00:00,2413,2413.25,2412.75,2413,0,0
2017-05-30,08:00:00,2412.75,2413.5,2412,2412.25,0,0
2017-05-30,09:00:00,2412.5,2413,2411,2411,0,0
2017-05-30,10:00:00,2411.5,2413,2409.75,2413,0,0
2017-05-30,11:00:00,2413,2413.25,2411,2412.5,0,0
2017-05-30,12:00:00,2412.25,2413,2410.75,2411.5,0,0
2017-05-30,13:00:00,2411.5,2412,2410,2410.25,0,0
2017-05-30,14:00:00,2410.25,2410.25,2407.75,2407.75,0,0
2017-05-30,15:00:00,2407.75,2410.75,2407.75,2410.5,0,0
2017-05-30,16:00:00,2410.25,2413.5,2408.75,2411.25,0,0
2017-05-30,17:00:00,2411.25,2412.75,2408.5,2411.5,0,0
2017-05-30,18:00:00,2411.75,2412.75,2411,2411.75,0,0
2017-05-30,19:00:00,2411.75,2414.5,2411.5,2413.5,0,0
2017-05-30,20:00:00,2413.5,2414.25,2412.25,2412.75,0,0
2017-05-30,21:00:00,2412.5,2413.5,2411.75,2412.75,0,0
2017-05-30,22:00:00,2413,2414.25,2411.75,2412.25,0,0
2017-05-30,23:00:00,2412.25,2412.25,2410.25,2411.25,0,0
2017-05-31,01:00:00,2411.25,2411.75,2410.75,2411.5,0,0
2017-05-31,02:00:00,2411.62,2412,2410.75,2411,0,0
2017-05-31,03:00:00,2410.75,2411.75,2410,2411.25,0,0
2017-05-31,04:00:00,2411.5,2412.75,2411.25,2412,0,0
2017-05-31,05:00:00,2412.25,2412.5,2411.25,2412,0,0
2017-05-31,06:00:00,2411.75,2412,2411.25,2411.5,0,0
2017-05-31,07:00:00,2411.25,2412,2411.25,2411.5,0,0
2017-05-31,08:00:00,2411.75,2411.88,2411,2411,0,0
2017-05-31,09:00:00,2411.75,2412.75,2411.25,2412.5,0,0
2017-05-31,10:00:00,2412.5,2413.5,2411,2412.25,0,0
2017-05-31,11:00:00,2412.25,2412.75,2411,2411.25,0,0
2017-05-31,12:00:00,2411.75,2412,2410.5,2411.25,0,0
2017-05-31,13:00:00,2411,2413.75,2410.75,2413,0,0
2017-05-31,14:00:00,2413,2415.75,2413,2414.75,0,0
2017-05-31,15:00:00,2414.5,2416.75,2414.5,2415.25,0,0
2017-05-31,16:00:00,2416,2416.25,2405.88,2406,0,0
2017-05-31,17:00:00,2406.25,2410,2402.75,2410,0,0
2017-05-31,18:00:00,2410,2410,2404.5,2407,0,0
2017-05-31,19:00:00,2407,2409,2405.75,2406.25,0,0
2017-05-31,20:00:00,2406.25,2409.5,2405.5,2406.25,0,0
2017-05-31,21:00:00,2406.25,2408.75,2403.75,2407,0,0
2017-05-31,22:00:00,2406.75,2411.5,2406.5,2411.5,0,0
2017-05-31,23:00:00,2411.5,2415,2410.75,2414,0,0
2017-06-01,01:00:00,2413.25,2414.25,2412.25,2412.75,0,0
2017-06-01,02:00:00,2412.5,2413.5,2412.25,2412.25,0,0
2017-06-01,03:00:00,2412,2414,2412,2413.5,0,0
2017-06-01,04:00:00,2413.5,2414.5,2411.5,2411.5,0,0
2017-06-01,05:00:00,2411.25,2413,2410.5,2412.75,0,0
2017-06-01,06:00:00,2413.25,2413.5,2412.5,2412.75,0,0
2017-06-01,07:00:00,2412.5,2413.5,2412,2413.25,0,0
2017-06-01,08:00:00,2413,2413,2412,2412.25,0,0
2017-06-01,09:00:00,2412.5,2413.25,2412,2412.25,0,0
2017-06-01,10:00:00,2412.25,2413.75,2411.5,2412.75,0,0
2017-06-01,11:00:00,2412.75,2414.5,2412.25,2414.25,0,0
2017-06-01,12:00:00,2414.25,2414.25,2412,2412.5,0,0
2017-06-01,13:00:00,2412.25,2413.5,2412,2413,0,0
2017-06-01,14:00:00,2413.25,2413.5,2411.25,2411.75,0,0
2017-06-01,15:00:00,2411.5,2415,2411.5,2415,0,0
2017-06-01,16:00:00,2415,2417.5,2413,2415.75,0,0
2017-06-01,17:00:00,2415.75,2416.75,2413.5,2414.75,0,0
2017-06-01,18:00:00,2414.75,2419.75,2414.25,2419.5,0,0
2017-06-01,19:00:00,2419.75,2423.5,2419.25,2422.75,0,0
2017-06-01,20:00:00,2423,2425.5,2423,2424.75,0,0
2017-06-01,21:00:00,2424.5,2426.75,2424.25,2424.5,0,0
2017-06-01,22:00:00,2424.5,2428.5,2423.5,2428.5,0,0
2017-06-01,23:00:00,2428.5,2430,2428.25,2429.5,0,0
2017-06-01,23:59:00,2429.5,2429.5,2429.25,2429.25,0,0
2017-06-02,01:00:00,2429.25,2431.25,2429.25,2429.75,0,0
2017-06-02,02:00:00,2429.75,2430.25,2428.75,2430,0,0
2017-06-02,03:00:00,2430.25,2433.75,2429.75,2433,0,0
2017-06-02,04:00:00,2433.25,2434.75,2432.5,2434,0,0
2017-06-02,05:00:00,2433.75,2435.75,2433.75,2434.5,0,0
2017-06-02,06:00:00,2435,2435.75,2434,2434.25,0,0
2017-06-02,07:00:00,2434.25,2435.25,2434,2434.25,0,0
2017-06-02,08:00:00,2434.25,2435.75,2434,2434.75,0,0
2017-06-02,09:00:00,2434.75,2435.75,2433.75,2434.5,0,0
2017-06-02,10:00:00,2434.5,2436,2433,2433,0,0
2017-06-02,11:00:00,2433,2434,2432.5,2433.75,0,0
2017-06-02,12:00:00,2433.5,2435,2433,2434.75,0,0
2017-06-02,13:00:00,2434.75,2437.25,2434.25,2436.75,0,0
2017-06-02,14:00:00,2437.25,2437.25,2434.5,2434.75,0,0
2017-06-02,15:00:00,2435,2435.25,2428.5,2431.25,0,0
2017-06-02,16:00:00,2431.25,2432.75,2427,2428.25,0,0
2017-06-02,17:00:00,2428.25,2433.75,2428.25,2433,0,0
2017-06-02,18:00:00,2433.25,2436.75,2432.25,2436.25,0,0
2017-06-02,19:00:00,2436.25,2437,2434.75,2436,0,0
2017-06-02,20:00:00,2436,2439,2435.25,2438,0,0
2017-06-02,21:00:00,2437.75,2438.75,2435.75,2437.25,0,0
2017-06-02,22:00:00,2437.25,2439.5,2435.25,2436.25,0,0
2017-06-02,23:00:00,2436.25,2438.25,2436.25,2437.25,0,0
2017-06-05,01:00:00,2436.75,2437,2435.5,2435.75,0,0
2017-06-05,02:00:00,2436,2436,2433.5,2434.25,0,0
2017-06-05,03:00:00,2434.38,2434.75,2433,2434,0,0
2017-06-05,04:00:00,2433.75,2435.5,2433.75,2434.25,0,0
2017-06-05,05:00:00,2434.75,2435.75,2434.5,2435.25,0,0
2017-06-05,06:00:00,2435.75,2435.75,2434.75,2435.25,0,0
2017-06-05,07:00:00,2435.75,2436,2435.25,2435.5,0,0
2017-06-05,08:00:00,2436,2436.5,2435.25,2436,0,0
2017-06-05,09:00:00,2436,2436.25,2435,2435.5,0,0
2017-06-05,10:00:00,2435.75,2436.5,2434.75,2435.75,0,0
2017-06-05,11:00:00,2436,2436.75,2435.25,2436,0,0
2017-06-05,12:00:00,2436.25,2437.5,2435.5,2436.25,0,0
2017-06-05,13:00:00,2436.25,2436.75,2435.25,2435.25,0,0
2017-06-05,14:00:00,2435,2436,2434.5,2434.5,0,0
2017-06-05,15:00:00,2434.5,2435.75,2434.5,2435,0,0
2017-06-05,16:00:00,2435.25,2437.38,2433.75,2437,0,0
2017-06-05,17:00:00,2437,2439,2437,2437,0,0
2017-06-05,18:00:00,2437,2437.25,2434.75,2437,0,0
2017-06-05,19:00:00,2437,2438.5,2436,2436.75,0,0
2017-06-05,20:00:00,2437.25,2438.5,2436.5,2436.75,0,0
2017-06-05,21:00:00,2436.75,2437.75,2436.25,2437,0,0
2017-06-05,22:00:00,2437,2438,2435,2435.25,0,0
2017-06-05,23:00:00,2435.25,2435.75,2434.25,2435,0,0
2017-06-06,01:00:00,2434,2435,2434,2434.75,0,0
2017-06-06,02:00:00,2434.88,2435,2434.5,2434.75,0,0
2017-06-06,03:00:00,2434.5,2435,2432.5,2432.75,0,0
2017-06-06,04:00:00,2433,2433.25,2431.75,2433,0,0
2017-06-06,05:00:00,2432.75,2433,2432.25,2432.5,0,0
2017-06-06,06:00:00,2432.25,2433,2432,2432.5,0,0
2017-06-06,07:00:00,2432.75,2433.25,2432.5,2432.75,0,0
2017-06-06,08:00:00,2433.25,2433.25,2431,2431.25,0,0
2017-06-06,09:00:00,2431.75,2431.75,2429.5,2430.75,0,0
2017-06-06,10:00:00,2430.5,2432.25,2429.5,2431.75,0,0
2017-06-06,11:00:00,2431.75,2432.75,2430.5,2432,0,0
2017-06-06,12:00:00,2432,2432.75,2430.5,2431.5,0,0
2017-06-06,13:00:00,2432,2432,2429.75,2429.75,0,0
2017-06-06,14:00:00,2430.25,2430.25,2426.5,2428.25,0,0
2017-06-06,15:00:00,2428.25,2429.25,2427.75,2428.75,0,0
2017-06-06,16:00:00,2429,2432.75,2427,2432.5,0,0
2017-06-06,17:00:00,2432.5,2434.25,2430.75,2431.5,0,0
2017-06-06,18:00:00,2431.5,2434.25,2429.75,2432.25,0,0
2017-06-06,19:00:00,2432.75,2433.25,2431.25,2432.5,0,0
2017-06-06,20:00:00,2432.75,2432.75,2430,2430.75,0,0
2017-06-06,21:00:00,2430.75,2435.5,2430.75,2435,0,0
2017-06-06,22:00:00,2435,2435.25,2427.75,2428.75,0,0
2017-06-06,23:00:00,2428.75,2431,2428.75,2429.75,0,0
2017-06-07,01:00:00,2429.5,2431,2429.5,2430.75,0,0
2017-06-07,02:00:00,2430.5,2431,2430,2431,0,0
2017-06-07,03:00:00,2430.75,2432,2430.5,2431.5,0,0
2017-06-07,04:00:00,2431.5,2432.75,2431.5,2431.75,0,0
2017-06-07,05:00:00,2432.25,2432.75,2431.75,2432,0,0
2017-06-07,06:00:00,2432.25,2432.5,2432.25,2432.25,0,0
2017-06-07,07:00:00,2432.75,2433.25,2432.5,2432.75,0,0
2017-06-07,08:00:00,2432.5,2432.5,2431.75,2432.5,0,0
2017-06-07,09:00:00,2432.5,2432.5,2430.5,2431,0,0
2017-06-07,10:00:00,2430.75,2431.75,2428.25,2431.5,0,0
2017-06-07,11:00:00,2431.5,2431.5,2429,2429.75,0,0
2017-06-07,12:00:00,2429.5,2430.5,2429.25,2430,0,0
2017-06-07,13:00:00,2430.5,2432.5,2430,2431,0,0
2017-06-07,14:00:00,2430.75,2432.75,2430.5,2432.5,0,0
2017-06-07,15:00:00,2432.25,2432.75,2431.25,2431.75,0,0
2017-06-07,16:00:00,2431.75,2433.75,2430.62,2432.75,0,0
2017-06-07,17:00:00,2432.75,2434.25,2427.5,2430,0,0
2017-06-07,18:00:00,2430.5,2432,2428.5,2430.5,0,0
2017-06-07,19:00:00,2430.5,2430.5,2424.25,2427,0,0
2017-06-07,20:00:00,2427,2431.25,2426.25,2430.5,0,0
2017-06-07,21:00:00,2430.5,2433.5,2430,2432.25,0,0
2017-06-07,22:00:00,2432.25,2434.5,2431,2432,0,0
2017-06-07,23:00:00,2432,2432.5,2430.5,2432,0,0
2017-06-08,01:00:00,2431.75,2432.25,2431,2431.25,0,0
2017-06-08,02:00:00,2431.75,2432,2430.5,2431.75,0,0
2017-06-08,03:00:00,2432.25,2432.25,2430.75,2431.25,0,0
2017-06-08,04:00:00,2431.5,2431.75,2431,2431.5,0,0
2017-06-08,05:00:00,2431.75,2432.75,2431.25,2432.25,0,0
2017-06-08,06:00:00,2432.75,2434.5,2432.5,2434,0,0
2017-06-08,07:00:00,2434.25,2434.25,2433,2433.75,0,0
2017-06-08,08:00:00,2433.5,2433.75,2432.38,2432.5,0,0
2017-06-08,09:00:00,2433,2434,2432.25,2433.25,0,0
2017-06-08,10:00:00,2433.38,2435.25,2432.75,2434,0,0
2017-06-08,11:00:00,2434.25,2434.25,2432.5,2433,0,0
2017-06-08,12:00:00,2433.5,2435,2433.25,2434.25,0,0
2017-06-08,13:00:00,2434.5,2436.5,2433.75,2435.75,0,0
2017-06-08,14:00:00,2436.25,2436.5,2434,2434.5,0,0
2017-06-08,15:00:00,2434.5,2434.5,2432.75,2433.5,0,0
2017-06-08,16:00:00,2433.5,2435.75,2428.75,2431.5,0,0
2017-06-08,17:00:00,2431.5,2433.5,2428.25,2431,0,0
2017-06-08,18:00:00,2431,2434.75,2431,2434.25,0,0
2017-06-08,19:00:00,2434.25,2439,2434,2437.5,0,0
2017-06-08,20:00:00,2437.5,2437.5,2432,2435.25,0,0
2017-06-08,21:00:00,2435.25,2435.75,2427.75,2429,0,0
2017-06-08,22:00:00,2429.5,2434,2429,2433.75,0,0
2017-06-08,23:00:00,2433.75,2434.75,2431.75,2434.25,0,0
2017-06-08,23:59:00,2434.25,2434.25,2434.25,2434.25,0,0
2017-06-09,01:00:00,2428.25,2430.75,2426.25,2429.5,0,0
2017-06-09,02:00:00,2429.25,2429.75,2427.5,2427.75,0,0
2017-06-09,03:00:00,2427.75,2431.5,2427.5,2430,0,0
2017-06-09,04:00:00,2430.5,2434.5,2430,2434.5,0,0
2017-06-09,05:00:00,2434.5,2436.5,2433.75,2435.5,0,0
2017-06-09,06:00:00,2435.25,2435.75,2434.5,2434.75,0,0
2017-06-09,07:00:00,2434.75,2435.12,2433.75,2434.25,0,0
2017-06-09,08:00:00,2434,2434.75,2433.75,2434.25,0,0
2017-06-09,09:00:00,2434,2435,2433.5,2434.5,0,0
2017-06-09,10:00:00,2434.5,2438,2434,2434,0,0
2017-06-09,11:00:00,2433.75,2436.5,2433.5,2435.75,0,0
2017-06-09,12:00:00,2435.75,2437,2435.5,2435.75,0,0
2017-06-09,13:00:00,2436,2436.75,2434.25,2434.5,0,0
2017-06-09,14:00:00,2434.5,2436.75,2433.75,2436.25,0,0
2017-06-09,15:00:00,2436.25,2437,2434.75,2435.25,0,0
2017-06-09,16:00:00,2435.5,2441.75,2434.75,2440.5,0,0
2017-06-09,17:00:00,2440,2445.75,2439.75,2443.5,0,0
2017-06-09,18:00:00,2443.5,2445.5,2442.25,2442.25,0,0
2017-06-09,19:00:00,2442.12,2443.5,2435.5,2438.5,0,0
2017-06-09,20:00:00,2438.25,2439.5,2428.5,2428.5,0,0
2017-06-09,21:00:00,2428,2432.5,2415.25,2419.75,0,0
2017-06-09,22:00:00,2419.75,2430.75,2419.75,2430.75,0,0
2017-06-09,23:00:00,2430.75,2431.75,2429,2430.5,0,0
2017-06-12,01:00:00,2427,2428.75,2425.5,2426.25,0,0
2017-06-12,02:00:00,2426.75,2426.75,2424,2425.5,0,0
2017-06-12,03:00:00,2425.5,2427.75,2425.25,2426,0,0
2017-06-12,04:00:00,2426.25,2427.5,2425.5,2427.25,0,0
2017-06-12,05:00:00,2427.25,2428,2425.5,2425.5,0,0
2017-06-12,06:00:00,2425.25,2425.75,2424,2425,0,0
2017-06-12,07:00:00,2424.75,2425.25,2424.5,2425,0,0
2017-06-12,08:00:00,2424.75,2425.25,2424.25,2424.75,0,0
2017-06-12,09:00:00,2425.25,2425.75,2424,2425.5,0,0
2017-06-12,10:00:00,2425,2426,2423,2424.75,0,0
2017-06-12,11:00:00,2424.75,2425,2420.25,2420.75,0,0
2017-06-12,12:00:00,2420.5,2423.75,2419.75,2421.75,0,0
2017-06-12,13:00:00,2421.5,2423.5,2420.75,2422.75,0,0
2017-06-12,14:00:00,2422.75,2423.5,2421,2421.5,0,0
2017-06-12,15:00:00,2421.5,2425.75,2421.5,2424.5,0,0
2017-06-12,16:00:00,2424.25,2427.5,2418.25,2419,0,0
2017-06-12,17:00:00,2419,2424.75,2417.75,2423.5,0,0
2017-06-12,18:00:00,2423.5,2426,2421.25,2422.25,0,0
2017-06-12,19:00:00,2422.25,2423,2418,2418,0,0
2017-06-12,20:00:00,2418,2422.5,2418,2418.25,0,0
2017-06-12,21:00:00,2418.25,2424,2418.25,2423,0,0
2017-06-12,22:00:00,2423,2426.75,2421.75,2426.75,0,0
2017-06-12,23:00:00,2426.75,2427.5,2425.75,2427,0,0
2017-06-12,23:59:00,2427,2427,2427,2427,0,0
2017-06-13,01:00:00,2426,2426.75,2425.25,2426.25,0,0
2017-06-13,02:00:00,2426,2427.25,2425.75,2427.25,0,0
2017-06-13,03:00:00,2427.25,2430.75,2427.25,2428.75,0,0
2017-06-13,04:00:00,2428.75,2430.25,2428.5,2429.5,0,0
2017-06-13,05:00:00,2429.5,2429.75,2428.75,2428.75,0,0
2017-06-13,06:00:00,2429,2430.25,2428.5,2429.5,0,0
2017-06-13,07:00:00,2429.25,2430.5,2429.25,2429.5,0,0
2017-06-13,08:00:00,2430,2430,2429.5,2429.75,0,0
2017-06-13,09:00:00,2429.5,2432,2429.5,2430.75,0,0
2017-06-13,10:00:00,2431,2433.5,2430,2432,0,0
2017-06-13,11:00:00,2432,2432.75,2430.75,2431.5,0,0
2017-06-13,12:00:00,2431.5,2432,2430,2430.5,0,0
2017-06-13,13:00:00,2430.5,2431.25,2430,2430.25,0,0
2017-06-13,14:00:00,2430,2430.75,2429.5,2430,0,0
2017-06-13,15:00:00,2429.75,2432.25,2429.75,2431.5,0,0
2017-06-13,16:00:00,2431.5,2435.75,2431.5,2433.25,0,0
2017-06-13,17:00:00,2433.25,2434.5,2430.25,2430.25,0,0
2017-06-13,18:00:00,2430.25,2435.25,2429,2434.5,0,0
2017-06-13,19:00:00,2434.5,2437,2433.5,2437,0,0
2017-06-13,20:00:00,2436.5,2437.75,2434.5,2436.5,0,0
2017-06-13,21:00:00,2436.5,2438.5,2435.75,2436.25,0,0
2017-06-13,22:00:00,2436.5,2439.25,2435.75,2437.5,0,0
2017-06-13,23:00:00,2437.5,2439,2437,2438,0,0
2017-06-14,01:00:00,2438.25,2438.5,2438,2438,0,0
2017-06-14,02:00:00,2437.75,2438.25,2437.75,2437.75,0,0
2017-06-14,03:00:00,2437.5,2438.25,2437,2437.5,0,0
2017-06-14,04:00:00,2437.5,2437.5,2436.5,2436.5,0,0
2017-06-14,05:00:00,2437,2437.25,2435,2435.75,0,0
2017-06-14,06:00:00,2435.5,2436.5,2435.25,2435.25,0,0
2017-06-14,07:00:00,2435,2436.75,2435,2436.25,0,0
2017-06-14,08:00:00,2436,2436.25,2435.25,2435.62,0,0
2017-06-14,09:00:00,2435.62,2437,2435.25,2436.75,0,0
2017-06-14,10:00:00,2436.75,2439,2436.5,2438,0,0
2017-06-14,11:00:00,2438.5,2439.75,2437.5,2438.25,0,0
2017-06-14,12:00:00,2438.5,2440.75,2438.25,2439.75,0,0
2017-06-14,13:00:00,2439.75,2441,2439.25,2440.5,0,0
2017-06-14,14:00:00,2441,2442.5,2440.25,2441,0,0
2017-06-14,15:00:00,2441,2443.5,2438.25,2441,0,0
2017-06-14,16:00:00,2441.25,2442.75,2436.5,2439.5,0,0
2017-06-14,17:00:00,2438.25,2439.25,2433,2434,0,0
2017-06-14,18:00:00,2434,2436.5,2433.5,2436.25,0,0
2017-06-14,19:00:00,2436.25,2437.75,2434,2436.5,0,0
2017-06-14,20:00:00,2436.5,2438,2435.5,2436,0,0
2017-06-14,21:00:00,2436,2440.5,2428.75,2430.75,0,0
2017-06-14,22:00:00,2430.5,2437,2426.25,2435.75,0,0
2017-06-14,23:00:00,2435.75,2436.5,2433.75,2434.25,0,0
2017-06-15,01:00:00,2433.25,2434.5,2427.88,2429.25,0,0
2017-06-15,02:00:00,2429,2430.25,2427.75,2429.75,0,0
2017-06-15,03:00:00,2429.5,2433,2429.25,2430.5,0,0
2017-06-15,04:00:00,2430.5,2430.75,2428,2429,0,0
2017-06-15,05:00:00,2428.75,2429.25,2427.25,2428.25,0,0
2017-06-15,06:00:00,2428.75,2429.5,2428.25,2428.75,0,0
2017-06-15,07:00:00,2429.25,2430.5,2428.75,2429.75,0,0
2017-06-15,08:00:00,2430,2430.75,2429.5,2430.25,0,0
2017-06-15,09:00:00,2430,2430.75,2428.25,2428.5,0,0
2017-06-15,10:00:00,2428.5,2429.75,2423.5,2424.5,0,0
2017-06-15,11:00:00,2424.5,2426.5,2422,2422,0,0
2017-06-15,12:00:00,2422,2425,2419.75,2419.75,0,0
2017-06-15,13:00:00,2419.75,2420.5,2416.5,2420.25,0,0
2017-06-15,14:00:00,2420,2421.25,2419,2419.5,0,0
2017-06-15,15:00:00,2419.5,2421.5,2417.5,2421,0,0
2017-06-15,16:00:00,2421.5,2424,2418,2423,0,0
2017-06-15,17:00:00,2423,2425,2416.5,2422,0,0
2017-06-15,18:00:00,2422,2428,2422,2424.75,0,0
2017-06-15,19:00:00,2424.75,2427,2423.25,2426.75,0,0
2017-06-15,20:00:00,2426.75,2429,2425,2426.25,0,0
2017-06-15,21:00:00,2426,2430.5,2425.5,2428.75,0,0
2017-06-15,22:00:00,2428.75,2432,2427,2430.25,0,0
2017-06-15,23:00:00,2430.25,2433,2430.25,2431.75,0,0
2017-06-16,01:00:00,2431.25,2432,2430,2430.25,0,0
2017-06-16,02:00:00,2430,2431.75,2430,2431.75,0,0
2017-06-16,03:00:00,2431.75,2434.5,2431.5,2433.5,0,0
2017-06-16,04:00:00,2433.75,2435.5,2433.5,2434.75,0,0
2017-06-16,05:00:00,2434.62,2435.25,2434,2434.5,0,0
2017-06-16,06:00:00,2435,2436.25,2434.5,2435.5,0,0
2017-06-16,07:00:00,2435.5,2435.75,2434.75,2434.75,0,0
2017-06-16,08:00:00,2434.5,2435,2433.75,2434.25,0,0
2017-06-16,09:00:00,2434.25,2436,2434.25,2434.5,0,0
2017-06-16,10:00:00,2434.75,2436.75,2434.5,2435.25,0,0
2017-06-16,11:00:00,2435.25,2436.25,2433.75,2433.75,0,0
2017-06-16,12:00:00,2433.75,2436.25,2433.75,2434.75,0,0
2017-06-16,13:00:00,2434.75,2435.75,2434.25,2435.25,0,0
2017-06-16,14:00:00,2435,2436,2435,2435.25,0,0
2017-06-16,15:00:00,2435.25,2435.25,2430.75,2431.25,0,0
2017-06-16,16:00:00,2431,2432.62,2422,2425.75,0,0
2017-06-16,17:00:00,2425.75,2426.5,2420.5,2422,0,0
2017-06-16,18:00:00,2422,2426.75,2421,2426.75,0,0
2017-06-16,19:00:00,2426.75,2428.5,2426.5,2426.5,0,0
2017-06-16,20:00:00,2427,2427.75,2425,2427.25,0,0
2017-06-16,21:00:00,2427.25,2429.25,2426.5,2428.25,0,0
2017-06-16,22:00:00,2428.25,2430.25,2426,2430.25,0,0
2017-06-16,23:00:00,2430.25,2434.25,2429.75,2434.25,0,0
2017-06-16,23:59:00,2434.25,2434.25,2434.25,2434.25,0,0
2017-06-19,01:00:00,2434.25,2434.5,2432.75,2433.5,0,0
2017-06-19,02:00:00,2434,2434,2433.25,2433.5,0,0
2017-06-19,03:00:00,2433.75,2436.5,2433.25,2435.75,0,0
2017-06-19,04:00:00,2436,2437.5,2435.75,2435.75,0,0
2017-06-19,05:00:00,2435.75,2436.75,2435.75,2436,0,0
2017-06-19,06:00:00,2436.5,2436.5,2435.75,2435.75,0,0
2017-06-19,07:00:00,2435.75,2436.25,2435.25,2435.75,0,0
2017-06-19,08:00:00,2435.5,2436.25,2435.5,2435.75,0,0
2017-06-19,09:00:00,2436,2438,2435.75,2437.75,0,0
2017-06-19,10:00:00,2438,2440.25,2437.5,2437.75,0,0
2017-06-19,11:00:00,2437.75,2439,2437.25,2437.75,0,0
2017-06-19,12:00:00,2437.5,2439.12,2436.75,2437.25,0,0
2017-06-19,13:00:00,2437,2438.25,2436.75,2438,0,0
2017-06-19,14:00:00,2438.25,2439.25,2438,2438.75,0,0
2017-06-19,15:00:00,2438.75,2439.75,2437.75,2438.75,0,0
2017-06-19,16:00:00,2438.5,2443,2438.25,2442.75,0,0
2017-06-19,17:00:00,2442.75,2449.25,2442.5,2446.25,0,0
2017-06-19,18:00:00,2446,2447.25,2444.75,2446.75,0,0
2017-06-19,19:00:00,2446.75,2448.75,2446.75,2448.25,0,0
2017-06-19,20:00:00,2448.25,2450.75,2448.25,2448.25,0,0
2017-06-19,21:00:00,2448.25,2448.75,2445.5,2446.5,0,0
2017-06-19,22:00:00,2446.5,2451.25,2446.25,2450,0,0
2017-06-19,23:00:00,2450,2450.75,2447,2447.5,0,0
2017-06-19,23:59:00,2447.5,2447.5,2447.5,2447.5,0,0
2017-06-20,01:00:00,2448.25,2449,2447.5,2448.5,0,0
2017-06-20,02:00:00,2448.25,2449.5,2447.75,2449,0,0
2017-06-20,03:00:00,2449,2450.25,2448.75,2449.25,0,0
2017-06-20,04:00:00,2449.5,2451,2449,2449.25,0,0
2017-06-20,05:00:00,2449.25,2450,2449,2449.25,0,0
2017-06-20,06:00:00,2449.75,2450,2449.5,2449.75,0,0
2017-06-20,07:00:00,2450.25,2450.25,2449.5,2450,0,0
2017-06-20,08:00:00,2450,2450,2449,2449.25,0,0
2017-06-20,09:00:00,2449,2450,2447.75,2448.5,0,0
2017-06-20,10:00:00,2448.5,2449.75,2447.75,2448.75,0,0
2017-06-20,11:00:00,2448.5,2449.25,2447.75,2448,0,0
2017-06-20,12:00:00,2448.25,2448.75,2447.75,2447.75,0,0
2017-06-20,13:00:00,2447.75,2448.75,2447.5,2448,0,0
2017-06-20,14:00:00,2447.75,2448.5,2447,2447.5,0,0
2017-06-20,15:00:00,2447,2447,2445,2445.25,0,0
2017-06-20,16:00:00,2445.25,2446.75,2442.25,2442.25,0,0
2017-06-20,17:00:00,2442.5,2445.5,2441.25,2444.75,0,0
2017-06-20,18:00:00,2444.75,2444.75,2441,2441.25,0,0
2017-06-20,19:00:00,2441.25,2442.5,2437.75,2441.5,0,0
2017-06-20,20:00:00,2441.5,2442.5,2440.5,2441,0,0
2017-06-20,21:00:00,2441.5,2442.25,2437.75,2439,0,0
2017-06-20,22:00:00,2439.5,2441,2434,2435,0,0
2017-06-20,23:00:00,2434.75,2438,2434.75,2436.5,0,0
2017-06-21,01:00:00,2436.5,2437,2435.5,2436.25,0,0
2017-06-21,02:00:00,2436,2437,2435.75,2436.25,0,0
2017-06-21,03:00:00,2436.5,2437.25,2432.75,2434.5,0,0
2017-06-21,04:00:00,2434.5,2435,2433,2434.25,0,0
2017-06-21,05:00:00,2434.75,2436,2433.25,2433.75,0,0
2017-06-21,06:00:00,2433.75,2434,2432.5,2433.25,0,0
2017-06-21,07:00:00,2433.75,2434.5,2433.25,2434.25,0,0
2017-06-21,08:00:00,2434.75,2435.25,2433.5,2433.75,0,0
2017-06-21,09:00:00,2433.75,2434.5,2432.5,2434,0,0
2017-06-21,10:00:00,2434.5,2434.5,2429.25,2430.75,0,0
2017-06-21,11:00:00,2430.75,2433.5,2428.75,2431.75,0,0
2017-06-21,12:00:00,2431.75,2433,2429.5,2431.75,0,0
2017-06-21,13:00:00,2431.5,2434.75,2431.5,2434.5,0,0
2017-06-21,14:00:00,2434.5,2435,2432,2433,0,0
2017-06-21,15:00:00,2433,2437,2432.5,2436,0,0
2017-06-21,16:00:00,2436.5,2438.5,2434.5,2435,0,0
2017-06-21,17:00:00,2435,2439.75,2434.75,2437,0,0
2017-06-21,18:00:00,2437,2437,2430.5,2435.75,0,0
2017-06-21,19:00:00,2435.75,2435.75,2430.5,2430.75,0,0
2017-06-21,20:00:00,2430.75,2432.75,2428.25,2429.25,0,0
2017-06-21,21:00:00,2429.25,2434.25,2428.25,2433.25,0,0
2017-06-21,22:00:00,2433.5,2434,2430.5,2433.75,0,0
2017-06-21,23:00:00,2433.75,2433.75,2431.25,2432.25,0,0
2017-06-21,23:59:00,2432.25,2432.25,2432.25,2432.25,0,0
2017-06-22,01:00:00,2431,2431.25,2429.5,2430,0,0
2017-06-22,02:00:00,2430.25,2431.25,2429.75,2430.25,0,0
2017-06-22,03:00:00,2430.75,2431.25,2430,2430.5,0,0
2017-06-22,04:00:00,2430.25,2431.5,2429.5,2431,0,0
2017-06-22,05:00:00,2431.5,2431.75,2429.75,2430.25,0,0
2017-06-22,06:00:00,2430,2434,2430,2433.75,0,0
2017-06-22,07:00:00,2433.75,2434,2432.25,2432.25,0,0
2017-06-22,08:00:00,2432.75,2434,2432.25,2433,0,0
2017-06-22,09:00:00,2433,2434.5,2431.5,2432.5,0,0
2017-06-22,10:00:00,2433,2433,2428.5,2428.75,0,0
2017-06-22,11:00:00,2428.75,2430.25,2428.25,2429.25,0,0
2017-06-22,12:00:00,2429.25,2431,2428.25,2430.75,0,0
2017-06-22,13:00:00,2430.5,2432.75,2430,2432.25,0,0
2017-06-22,14:00:00,2432.38,2433.25,2431.25,2432.25,0,0
2017-06-22,15:00:00,2432,2432.75,2431,2431.5,0,0
2017-06-22,16:00:00,2431.25,2434,2430,2432.25,0,0
2017-06-22,17:00:00,2432.25,2436.25,2430.25,2435.5,0,0
2017-06-22,18:00:00,2435.5,2438.5,2435.25,2436.75,0,0
2017-06-22,19:00:00,2437.5,2438.5,2435.25,2437.25,0,0
2017-06-22,20:00:00,2437.75,2439,2436.5,2437.75,0,0
2017-06-22,21:00:00,2437.75,2438.5,2436.25,2437.5,0,0
2017-06-22,22:00:00,2437.25,2438.25,2431.75,2431.75,0,0
2017-06-22,23:00:00,2431.75,2432.25,2431,2431.75,0,0
2017-06-22,23:59:00,2431.75,2431.75,2431.75,2431.75,0,0
2017-06-23,01:00:00,2431.5,2433,2431.5,2432.5,0,0
2017-06-23,02:00:00,2433,2433.25,2432.5,2433,0,0
2017-06-23,03:00:00,2432.5,2434,2432,2433.75,0,0
2017-06-23,04:00:00,2434.25,2434.75,2432.5,2433,0,0
2017-06-23,05:00:00,2433.25,2434.5,2433,2434.25,0,0
2017-06-23,06:00:00,2434.5,2434.75,2434,2434,0,0
2017-06-23,07:00:00,2434.5,2435,2434,2434.5,0,0
2017-06-23,08:00:00,2434.75,2434.75,2434.25,2434.5,0,0
2017-06-23,09:00:00,2434.75,2435,2434,2434,0,0
2017-06-23,10:00:00,2434,2436,2433.75,2434.5,0,0
2017-06-23,11:00:00,2434.5,2436.75,2434.25,2435.25,0,0
2017-06-23,12:00:00,2435.25,2435.75,2432.75,2433.25,0,0
2017-06-23,13:00:00,2433.25,2434.25,2430,2431.75,0,0
2017-06-23,14:00:00,2431.75,2432.5,2431.25,2432.25,0,0
2017-06-23,15:00:00,2432.5,2434.25,2432,2434,0,0
2017-06-23,16:00:00,2434.25,2435,2428.75,2431.5,0,0
2017-06-23,17:00:00,2431.5,2437.5,2431,2436,0,0
2017-06-23,18:00:00,2436,2437.25,2435.5,2436.5,0,0
2017-06-23,19:00:00,2436.5,2438.75,2436.25,2437,0,0
2017-06-23,20:00:00,2437,2438.75,2436,2437.5,0,0
2017-06-23,21:00:00,2437.5,2438,2434.75,2435.25,0,0
2017-06-23,22:00:00,2434.75,2436.75,2431,2436,0,0
2017-06-23,23:00:00,2436,2436.25,2431.75,2432.25,0,0
2017-06-23,23:59:00,2432.25,2432.25,2432.25,2432.25,0,0
2017-06-26,01:00:00,2431.75,2432.75,2430,2431.75,0,0
2017-06-26,02:00:00,2431.5,2432.5,2431.5,2432.25,0,0
2017-06-26,03:00:00,2432.75,2434,2431.75,2433.5,0,0
2017-06-26,04:00:00,2434,2436,2433.5,2435.25,0,0
2017-06-26,05:00:00,2435.75,2436.75,2435.25,2436,0,0
2017-06-26,06:00:00,2436.25,2437,2435.5,2436,0,0
2017-06-26,07:00:00,2436.25,2436.75,2435.5,2435.5,0,0
2017-06-26,08:00:00,2436,2436.75,2435.25,2436.25,0,0
2017-06-26,09:00:00,2436.75,2438,2436.5,2437.5,0,0
2017-06-26,10:00:00,2438,2441.25,2437.5,2439.75,0,0
2017-06-26,11:00:00,2439.5,2441.5,2439,2440.25,0,0
2017-06-26,12:00:00,2440.75,2441.25,2439.5,2440,0,0
2017-06-26,13:00:00,2440,2441,2440,2440.75,0,0
2017-06-26,14:00:00,2440.5,2441.75,2440.5,2441.75,0,0
2017-06-26,15:00:00,2441.5,2442.5,2441,2441.75,0,0
2017-06-26,16:00:00,2441.5,2447.5,2441.5,2447.25,0,0
2017-06-26,17:00:00,2447.25,2447.25,2436,2437.75,0,0
2017-06-26,18:00:00,2437.75,2440.25,2434,2440,0,0
2017-06-26,19:00:00,2439.75,2441.25,2438.25,2440.38,0,0
2017-06-26,20:00:00,2440.38,2441,2438.5,2439.25,0,0
2017-06-26,21:00:00,2439,2440,2437.25,2439.25,0,0
2017-06-26,22:00:00,2439.5,2440.5,2436,2436,0,0
2017-06-26,23:00:00,2436.25,2436.5,2435,2435.5,0,0
2017-06-26,23:59:00,2435.75,2435.75,2435.75,2435.75,0,0
2017-06-27,01:00:00,2435,2437.12,2434.25,2436.25,0,0
2017-06-27,02:00:00,2436.75,2437.25,2436,2436.25,0,0
2017-06-27,03:00:00,2436.75,2437,2435,2435.5,0,0
2017-06-27,04:00:00,2435.25,2436.75,2435.25,2436,0,0
2017-06-27,05:00:00,2436.25,2437.25,2436,2436.25,0,0
2017-06-27,06:00:00,2436,2436.75,2435.5,2436.5,0,0
2017-06-27,07:00:00,2436.75,2436.75,2435.75,2436.5,0,0
2017-06-27,08:00:00,2436.25,2436.5,2435,2435.5,0,0
2017-06-27,09:00:00,2435.75,2435.75,2433.5,2433.75,0,0
2017-06-27,10:00:00,2433.75,2434.75,2432.5,2433.25,0,0
2017-06-27,11:00:00,2433,2434,2430,2433.25,0,0
2017-06-27,12:00:00,2433.75,2436,2433.25,2433.25,0,0
2017-06-27,13:00:00,2433.75,2434.75,2432.75,2433.75,0,0
2017-06-27,14:00:00,2433.75,2434.25,2432.12,2434,0,0
2017-06-27,15:00:00,2434.5,2434.75,2433.25,2434,0,0
2017-06-27,16:00:00,2433.5,2434.5,2429.5,2431.75,0,0
2017-06-27,17:00:00,2431.75,2436.75,2431,2435.5,0,0
2017-06-27,18:00:00,2435.62,2437,2434.75,2436,0,0
2017-06-27,19:00:00,2436,2436.25,2430,2430.88,0,0
2017-06-27,20:00:00,2430.88,2431.5,2421,2423.75,0,0
2017-06-27,21:00:00,2423.75,2427.5,2420.75,2425,0,0
2017-06-27,22:00:00,2425,2426,2417.75,2418,0,0
2017-06-27,23:00:00,2418,2421,2416.75,2417.75,0,0
2017-06-28,01:00:00,2418.5,2419.88,2418,2418.75,0,0
2017-06-28,02:00:00,2418.5,2419.5,2417.5,2417.75,0,0
2017-06-28,03:00:00,2417.62,2419.5,2417.25,2419.25,0,0
2017-06-28,04:00:00,2419.62,2420.75,2419,2419.25,0,0
2017-06-28,05:00:00,2419.75,2420,2415.25,2415.88,0,0
2017-06-28,06:00:00,2415.88,2418.5,2415.75,2418,0,0
2017-06-28,07:00:00,2418.25,2418.5,2417.25,2418,0,0
2017-06-28,08:00:00,2418.5,2418.88,2417.62,2418,0,0
2017-06-28,09:00:00,2418.25,2420.25,2418,2419.75,0,0
2017-06-28,10:00:00,2419.62,2420,2416.62,2417.75,0,0
2017-06-28,11:00:00,2417.25,2418.25,2414.25,2417.75,0,0
2017-06-28,12:00:00,2417.75,2422.5,2417.25,2421.5,0,0
2017-06-28,13:00:00,2421.5,2424,2421.25,2422.25,0,0
2017-06-28,14:00:00,2422.38,2424.25,2421.62,2423.5,0,0
2017-06-28,15:00:00,2423.75,2428.38,2422.75,2426.5,0,0
2017-06-28,16:00:00,2426.5,2430.25,2425.75,2426.75,0,0
2017-06-28,17:00:00,2426.75,2436.25,2426.5,2434.5,0,0
2017-06-28,18:00:00,2434.5,2438,2433.88,2437,0,0
2017-06-28,19:00:00,2437,2439,2435.5,2438.25,0,0
2017-06-28,20:00:00,2438.25,2440.5,2437.75,2439,0,0
2017-06-28,21:00:00,2439,2440,2437,2438.5,0,0
2017-06-28,22:00:00,2438.5,2440.5,2436.88,2436.88,0,0
2017-06-28,23:00:00,2436.88,2442.5,2436.88,2442.25,0,0
2017-06-28,23:59:00,2442.25,2442.25,2442.25,2442.25,0,0
2017-06-29,01:00:00,2441.75,2444.12,2441.75,2442.75,0,0
2017-06-29,02:00:00,2443.12,2443.5,2442.25,2443,0,0
2017-06-29,03:00:00,2443.5,2443.62,2442.5,2442.75,0,0
2017-06-29,04:00:00,2442.75,2443.5,2442.12,2443.5,0,0
2017-06-29,05:00:00,2443.25,2443.88,2442.75,2443.5,0,0
2017-06-29,06:00:00,2443.75,2444.25,2443.5,2443.75,0,0
2017-06-29,07:00:00,2443.75,2443.75,2443.25,2443.5,0,0
2017-06-29,08:00:00,2443.25,2443.75,2442.75,2443.25,0,0
2017-06-29,09:00:00,2443,2444.25,2442.88,2443.25,0,0
2017-06-29,10:00:00,2443.25,2445,2441.25,2441.38,0,0
2017-06-29,11:00:00,2441.38,2442,2440.5,2441.25,0,0
2017-06-29,12:00:00,2441.25,2442.5,2439.25,2440.25,0,0
2017-06-29,13:00:00,2440,2441,2439.25,2441,0,0
2017-06-29,14:00:00,2441,2444.75,2440.75,2443.75,0,0
2017-06-29,15:00:00,2443.5,2444.38,2438.5,2439.5,0,0
2017-06-29,16:00:00,2439.38,2440.5,2430.75,2432.25,0,0
2017-06-29,17:00:00,2432.25,2433.25,2426.25,2430,0,0
2017-06-29,18:00:00,2430,2430.25,2416.5,2416.5,0,0
2017-06-29,19:00:00,2416.75,2420.5,2413,2413.5,0,0
2017-06-29,20:00:00,2413.5,2415.75,2402.25,2411.75,0,0
2017-06-29,21:00:00,2411.75,2418.75,2409,2417.25,0,0
2017-06-29,22:00:00,2417.25,2422.5,2416.5,2416.75,0,0
2017-06-29,23:00:00,2416.75,2421.75,2416.38,2421,0,0
2017-06-30,01:00:00,2421.62,2422.25,2417.5,2418,0,0
2017-06-30,02:00:00,2418.38,2420.75,2418,2419.75,0,0
2017-06-30,03:00:00,2419.75,2421.25,2418.75,2419.38,0,0
2017-06-30,04:00:00,2419.38,2421.5,2417.5,2421.25,0,0
2017-06-30,05:00:00,2421.25,2421.25,2418,2418.5,0,0
2017-06-30,06:00:00,2419,2419.5,2418.25,2418.25,0,0
2017-06-30,07:00:00,2418.75,2420.25,2418.25,2420,0,0
2017-06-30,08:00:00,2419.75,2420.75,2419.5,2420.5,0,0
2017-06-30,09:00:00,2420.5,2422,2419,2419.75,0,0
2017-06-30,10:00:00,2419.75,2420.25,2415.25,2419.62,0,0
2017-06-30,11:00:00,2419.62,2420.75,2417.75,2420.5,0,0
2017-06-30,12:00:00,2420.75,2424.5,2420,2424.12,0,0
2017-06-30,13:00:00,2424.12,2426.75,2424,2426,0,0
2017-06-30,14:00:00,2426,2426.75,2425,2425.75,0,0
2017-06-30,15:00:00,2425.75,2425.88,2422.5,2422.75,0,0
2017-06-30,16:00:00,2422.88,2428.25,2422.25,2424,0,0
2017-06-30,17:00:00,2423.5,2424,2418.75,2421.75,0,0
2017-06-30,18:00:00,2421.75,2424.12,2418.75,2423.75,0,0
2017-06-30,19:00:00,2423.75,2424.25,2421,2422.25,0,0
2017-06-30,20:00:00,2422.25,2424.75,2422.12,2423.75,0,0
2017-06-30,21:00:00,2423.75,2428,2423,2427.75,0,0
2017-06-30,22:00:00,2427.75,2429.75,2422.12,2422.12,0,0
2017-06-30,23:00:00,2422.12,2423.38,2418.5,2421.5,0,0
2017-06-30,23:59:00,2421.5,2421.5,2421.5,2421.5,0,0
2017-07-03,01:00:00,2423.12,2424.75,2422.5,2424.62,0,0
2017-07-03,02:00:00,2424.62,2427.25,2423.75,2424.62,0,0
2017-07-03,03:00:00,2424.5,2427,2423.5,2425,0,0
2017-07-03,04:00:00,2425,2427.5,2424.25,2426.5,0,0
2017-07-03,05:00:00,2426.5,2427.5,2426,2427,0,0
2017-07-03,06:00:00,2426.75,2427,2426,2426.75,0,0
2017-07-03,07:00:00,2426.75,2427.12,2425.75,2426.38,0,0
2017-07-03,08:00:00,2426.38,2427,2426,2427,0,0
2017-07-03,09:00:00,2427,2427.25,2425.5,2425.75,0,0
2017-07-03,10:00:00,2425.75,2429.75,2425.62,2428.75,0,0
2017-07-03,11:00:00,2428.75,2430.25,2427.5,2429.5,0,0
2017-07-03,12:00:00,2429.5,2429.5,2427.5,2428,0,0
2017-07-03,13:00:00,2428,2428.75,2427.25,2428.25,0,0
2017-07-03,14:00:00,2428.38,2429.75,2427.75,2429.12,0,0
2017-07-03,15:00:00,2429.12,2431,2428.25,2430.75,0,0
2017-07-03,16:00:00,2430.75,2434.5,2430.75,2433.5,0,0
2017-07-03,17:00:00,2433.5,2436.75,2432.25,2435.25,0,0
2017-07-03,18:00:00,2435.25,2435.5,2433,2433.75,0,0
2017-07-03,19:00:00,2433.75,2433.75,2427,2427,0,0
2017-07-03,20:00:00,2427,2427,2422.25,2423.88,0,0
2017-07-04,01:00:00,2422,2424.88,2421.5,2423.5,0,0
2017-07-04,02:00:00,2423.12,2427.5,2423,2427.25,0,0
2017-07-04,03:00:00,2427,2427.12,2424.5,2424.5,0,0
2017-07-04,04:00:00,2424.5,2426.5,2424,2426,0,0
2017-07-04,05:00:00,2426,2427,2424.62,2424.62,0,0
2017-07-04,06:00:00,2424.75,2425.5,2423.75,2425,0,0
2017-07-04,07:00:00,2425,2425.5,2423.62,2424.5,0,0
2017-07-04,08:00:00,2424.5,2424.88,2423,2423.25,0,0
2017-07-04,09:00:00,2423,2425.75,2421.25,2422.62,0,0
2017-07-04,10:00:00,2422.62,2430,2422.25,2428.5,0,0
2017-07-04,11:00:00,2428.62,2430.5,2427.25,2428.25,0,0
2017-07-04,12:00:00,2428,2431.25,2428,2430.75,0,0
2017-07-04,13:00:00,2430.75,2431.25,2429,2429,0,0
2017-07-04,14:00:00,2428.75,2430,2428.38,2429.75,0,0
2017-07-04,15:00:00,2429.5,2430,2427.75,2428.25,0,0
2017-07-04,16:00:00,2428,2430.25,2428,2429.88,0,0
2017-07-04,17:00:00,2429.88,2430.25,2429,2430,0,0
2017-07-04,18:00:00,2430,2430.12,2424.75,2425,0,0
2017-07-04,19:00:00,2425.12,2425.75,2423.5,2425.25,0,0
2017-07-04,20:00:00,2425.25,2425.25,2425.25,2425.25,0,0
2017-07-05,01:00:00,2425,2426.25,2423,2424.62,0,0
2017-07-05,02:00:00,2424.62,2425.25,2422.75,2423.88,0,0
2017-07-05,03:00:00,2423.88,2425,2423,2424.5,0,0
2017-07-05,04:00:00,2424.62,2425,2422.25,2423,0,0
2017-07-05,05:00:00,2422.88,2425,2422.75,2424.75,0,0
2017-07-05,06:00:00,2424.75,2426,2424.62,2425,0,0
2017-07-05,07:00:00,2425,2425.75,2425,2425.25,0,0
2017-07-05,08:00:00,2425.75,2426.88,2425.5,2426.5,0,0
2017-07-05,09:00:00,2426.5,2427,2425,2426.25,0,0
2017-07-05,10:00:00,2426.12,2428.75,2424.5,2427.38,0,0
2017-07-05,11:00:00,2427.38,2427.62,2422.75,2424.88,0,0
2017-07-05,12:00:00,2424.88,2426,2424.38,2424.5,0,0
2017-07-05,13:00:00,2424.5,2427,2424,2427,0,0
2017-07-05,14:00:00,2427,2427.75,2425.25,2427.5,0,0
2017-07-05,15:00:00,2427.75,2429.75,2427.25,2428.75,0,0
2017-07-05,16:00:00,2428.75,2429.75,2422.75,2423.75,0,0
2017-07-05,17:00:00,2423.75,2427.25,2419.25,2426,0,0
2017-07-05,18:00:00,2426,2429.5,2426,2427,0,0
2017-07-05,19:00:00,2427,2429.5,2426,2429,0,0
2017-07-05,20:00:00,2429,2431,2428.5,2428.75,0,0
2017-07-05,21:00:00,2428.75,2432.25,2426.75,2428.38,0,0
2017-07-05,22:00:00,2428.38,2431.75,2427,2430.62,0,0
2017-07-05,23:00:00,2430.62,2430.62,2427.38,2428.25,0,0
2017-07-06,01:00:00,2427.75,2430.5,2427.5,2430,0,0
2017-07-06,02:00:00,2429.75,2430,2429.25,2429.5,0,0
2017-07-06,03:00:00,2429.88,2429.88,2427.5,2427.5,0,0
2017-07-06,04:00:00,2427.25,2428.12,2426,2426.25,0,0
2017-07-06,05:00:00,2426.25,2428,2426,2427.62,0,0
2017-07-06,06:00:00,2427.62,2428,2426.75,2427,0,0
2017-07-06,07:00:00,2426.75,2427.5,2426.75,2427,0,0
2017-07-06,08:00:00,2427.5,2427.5,2426.25,2426.75,0,0
2017-07-06,09:00:00,2426.75,2427.5,2426,2426.5,0,0
2017-07-06,10:00:00,2426.5,2427.25,2423.5,2424.75,0,0
2017-07-06,11:00:00,2424.75,2426.5,2424.25,2425.25,0,0
2017-07-06,12:00:00,2425.25,2425.75,2420,2420,0,0
2017-07-06,13:00:00,2420,2420.5,2416.25,2419.62,0,0
2017-07-06,14:00:00,2419.62,2419.88,2416.25,2417,0,0
2017-07-06,15:00:00,2417.12,2420.75,2417,2420.25,0,0
2017-07-06,16:00:00,2420.38,2422.25,2414.12,2414.75,0,0
2017-07-06,17:00:00,2414.75,2416.75,2410.75,2414.25,0,0
2017-07-06,18:00:00,2414.25,2419.5,2414.25,2419,0,0
2017-07-06,19:00:00,2419,2420,2415.75,2418.25,0,0
2017-07-06,20:00:00,2418.5,2421.5,2415.25,2415.75,0,0
2017-07-06,21:00:00,2415.75,2415.75,2410.5,2413,0,0
2017-07-06,22:00:00,2413,2413.25,2405.38,2408.5,0,0
2017-07-06,23:00:00,2408.5,2409.75,2407.75,2408.25,0,0
2017-07-07,01:00:00,2410,2410.75,2409.25,2410,0,0
2017-07-07,02:00:00,2410,2410.5,2408.75,2409.25,0,0
2017-07-07,03:00:00,2409.25,2410.88,2409.25,2409.88,0,0
2017-07-07,04:00:00,2409.88,2411.25,2409.62,2410.62,0,0
2017-07-07,05:00:00,2410.62,2411.5,2410.25,2410.25,0,0
2017-07-07,06:00:00,2410.25,2410.75,2409.62,2409.88,0,0
2017-07-07,07:00:00,2409.88,2409.88,2408.75,2408.75,0,0
2017-07-07,08:00:00,2409.25,2410.25,2409,2410,0,0
2017-07-07,09:00:00,2409.75,2411.25,2409.75,2411,0,0
2017-07-07,10:00:00,2411,2411.5,2407.75,2408.75,0,0
2017-07-07,11:00:00,2408.75,2410.75,2408.25,2408.62,0,0
2017-07-07,12:00:00,2408.62,2410.25,2408,2408.25,0,0
2017-07-07,13:00:00,2408.38,2410.5,2408.38,2409,0,0
2017-07-07,14:00:00,2409.5,2409.5,2408.25,2408.75,0,0
2017-07-07,15:00:00,2408.62,2417,2408.5,2413.12,0,0
2017-07-07,16:00:00,2413.12,2417.62,2411.75,2417,0,0
2017-07-07,17:00:00,2417,2417.5,2413,2415.12,0,0
2017-07-07,18:00:00,2415.12,2422.25,2414.5,2421.5,0,0
2017-07-07,19:00:00,2421.5,2424.25,2421.25,2423.38,0,0
2017-07-07,20:00:00,2423.38,2425,2423,2424.25,0,0
2017-07-07,21:00:00,2424.25,2424.75,2422.5,2422.75,0,0
2017-07-07,22:00:00,2422.75,2424.75,2421.5,2422.88,0,0
2017-07-07,23:00:00,2422.88,2423.38,2422,2422.75,0,0
2017-07-07,23:59:00,2422.75,2422.75,2422.75,2422.75,0,0
2017-07-10,01:00:00,2423.62,2424.25,2423.25,2423.38,0,0
2017-07-10,02:00:00,2423.38,2426,2422.88,2425.62,0,0
2017-07-10,03:00:00,2425.62,2426.5,2425.25,2426.25,0,0
2017-07-10,04:00:00,2426.38,2427,2425.5,2426.75,0,0
2017-07-10,05:00:00,2426.75,2428.75,2426.5,2427.75,0,0
2017-07-10,06:00:00,2427.88,2429.25,2427.75,2428.75,0,0
2017-07-10,07:00:00,2428.75,2429,2427.5,2427.62,0,0
2017-07-10,08:00:00,2427.5,2428.25,2426.5,2427.25,0,0
2017-07-10,09:00:00,2427.25,2427.62,2426,2426.75,0,0
2017-07-10,10:00:00,2426.75,2427.5,2425.25,2426.25,0,0
2017-07-10,11:00:00,2426.25,2427.38,2425,2426.12,0,0
2017-07-10,12:00:00,2426,2426.5,2424,2425.25,0,0
2017-07-10,13:00:00,2425.75,2426.75,2425,2425.25,0,0
2017-07-10,14:00:00,2425.5,2425.5,2422.75,2423.25,0,0
2017-07-10,15:00:00,2423.25,2424.25,2422,2422.25,0,0
2017-07-10,16:00:00,2422.25,2423.75,2419.75,2419.75,0,0
2017-07-10,17:00:00,2419.75,2426.5,2419.75,2426.25,0,0
2017-07-10,18:00:00,2426.25,2427.5,2425.38,2427,0,0
2017-07-10,19:00:00,2427,2428.62,2426.75,2428.5,0,0
2017-07-10,20:00:00,2428.5,2429.25,2427.25,2428.75,0,0
2017-07-10,21:00:00,2428.88,2429.12,2427.25,2427.25,0,0
2017-07-10,22:00:00,2427.75,2430,2425.5,2425.5,0,0
2017-07-10,23:00:00,2425.62,2426,2424,2424,0,0
2017-07-10,23:59:00,2424,2424,2424,2424,0,0
2017-07-11,01:00:00,2423,2423.88,2422.75,2423.75,0,0
2017-07-11,02:00:00,2423.88,2424.5,2423.5,2424.25,0,0
2017-07-11,03:00:00,2424,2425.12,2424,2424.75,0,0
2017-07-11,04:00:00,2424.88,2425.75,2424.25,2425.12,0,0
2017-07-11,05:00:00,2425,2426,2425,2425.62,0,0
2017-07-11,06:00:00,2425.62,2426.75,2425.5,2426.12,0,0
2017-07-11,07:00:00,2426.12,2426.62,2425.5,2426.38,0,0
2017-07-11,08:00:00,2426.38,2427.5,2426.25,2426.75,0,0
2017-07-11,09:00:00,2426.75,2427.75,2426.25,2426.62,0,0
2017-07-11,10:00:00,2426.62,2427.75,2424,2424.25,0,0
2017-07-11,11:00:00,2424.25,2424.75,2422.75,2423.5,0,0
2017-07-11,12:00:00,2424,2424.75,2422.75,2423,0,0
2017-07-11,13:00:00,2423,2423.25,2422,2422.75,0,0
2017-07-11,14:00:00,2422.62,2423,2421.25,2421.62,0,0
2017-07-11,15:00:00,2421.62,2423.25,2421.5,2422.75,0,0
2017-07-11,16:00:00,2422.5,2424.25,2420.75,2422,0,0
2017-07-11,17:00:00,2422,2426,2421.5,2425.62,0,0
2017-07-11,18:00:00,2425.62,2426,2410.25,2420,0,0
2017-07-11,19:00:00,2420,2421.25,2416.25,2419.75,0,0
2017-07-11,20:00:00,2419.75,2424.5,2418,2424.25,0,0
2017-07-11,21:00:00,2424.25,2425.5,2422.5,2423.12,0,0
2017-07-11,22:00:00,2423.12,2427,2422.25,2423.5,0,0
2017-07-11,23:00:00,2423.5,2425.25,2423.38,2425,0,0
2017-07-11,23:59:00,2425,2425,2425,2425,0,0
2017-07-12,01:00:00,2424.62,2425.75,2424.5,2425.75,0,0
2017-07-12,02:00:00,2425.88,2426.5,2424.75,2424.75,0,0
2017-07-12,03:00:00,2425,2425.5,2423.5,2423.5,0,0
2017-07-12,04:00:00,2423.5,2424.5,2422.75,2423.75,0,0
2017-07-12,05:00:00,2423.88,2424.25,2423.25,2423.5,0,0
2017-07-12,06:00:00,2423.62,2424,2422.5,2422.75,0,0
2017-07-12,07:00:00,2422.75,2423.75,2422.75,2423.5,0,0
2017-07-12,08:00:00,2423.62,2424.5,2423.5,2423.75,0,0
2017-07-12,09:00:00,2423.5,2424.12,2422.75,2423.75,0,0
2017-07-12,10:00:00,2423.75,2425.75,2423.25,2425,0,0
2017-07-12,11:00:00,2425,2425.5,2424.5,2425,0,0
2017-07-12,12:00:00,2425.5,2428.25,2424.25,2427.5,0,0
2017-07-12,13:00:00,2427.62,2429.25,2427,2428.75,0,0
2017-07-12,14:00:00,2428.88,2429.5,2427.5,2427.75,0,0
2017-07-12,15:00:00,2427.88,2436.25,2427.5,2435.62,0,0
2017-07-12,16:00:00,2435.62,2441.88,2434.5,2440.25,0,0
2017-07-12,17:00:00,2440.25,2442.75,2438,2438,0,0
2017-07-12,18:00:00,2438,2440.5,2437.25,2440,0,0
2017-07-12,19:00:00,2440,2441.5,2437.25,2440.25,0,0
2017-07-12,20:00:00,2440.25,2442.25,2439.25,2442.25,0,0
2017-07-12,21:00:00,2442.25,2443.38,2441,2442,0,0
2017-07-12,22:00:00,2442,2443.75,2440.25,2440.25,0,0
2017-07-12,23:00:00,2440.25,2441.5,2439.62,2441,0,0
2017-07-13,01:00:00,2441.25,2441.75,2440.25,2441.75,0,0
2017-07-13,02:00:00,2441.5,2441.75,2440.5,2441.5,0,0
2017-07-13,03:00:00,2441.88,2443,2441.25,2441.75,0,0
2017-07-13,04:00:00,2442,2442.5,2441.5,2441.75,0,0
2017-07-13,05:00:00,2441.88,2442.25,2441.5,2441.88,0,0
2017-07-13,06:00:00,2441.88,2442,2441,2441,0,0
2017-07-13,07:00:00,2441,2442.25,2441,2442,0,0
2017-07-13,08:00:00,2442.12,2442.5,2441.75,2442,0,0
2017-07-13,09:00:00,2441.75,2442.88,2441.5,2441.75,0,0
2017-07-13,10:00:00,2442.12,2444.88,2441.5,2444.25,0,0
2017-07-13,11:00:00,2444.25,2445.25,2443,2445,0,0
2017-07-13,12:00:00,2445.25,2446.5,2444.25,2444.62,0,0
2017-07-13,13:00:00,2444.62,2444.75,2443.25,2443.25,0,0
2017-07-13,14:00:00,2443,2443.5,2441,2441.5,0,0
2017-07-13,15:00:00,2441.5,2443.25,2441.5,2442.38,0,0
2017-07-13,16:00:00,2442.38,2444.75,2440.5,2444.25,0,0
2017-07-13,17:00:00,2444.25,2445,2439.25,2442,0,0
2017-07-13,18:00:00,2442,2446,2441.5,2445,0,0
2017-07-13,19:00:00,2445,2446.5,2444.5,2446,0,0
2017-07-13,20:00:00,2446,2446.5,2444,2445,0,0
2017-07-13,21:00:00,2445,2446,2443,2445.88,0,0
2017-07-13,22:00:00,2445.88,2447,2444.25,2445,0,0
2017-07-13,23:00:00,2445,2446.5,2444.5,2446.25,0,0
2017-07-14,01:00:00,2446,2446,2444.75,2445.25,0,0
2017-07-14,02:00:00,2445.25,2446,2445.25,2445.75,0,0
2017-07-14,03:00:00,2445.88,2446.25,2445.25,2446,0,0
2017-07-14,04:00:00,2446,2447.25,2445.5,2445.62,0,0
2017-07-14,05:00:00,2445.62,2446,2445.25,2445.25,0,0
2017-07-14,06:00:00,2445.25,2445.75,2445,2445,0,0
2017-07-14,07:00:00,2445.12,2445.75,2445.12,2445.25,0,0
2017-07-14,08:00:00,2445.38,2445.75,2445,2445,0,0
2017-07-14,09:00:00,2445.25,2445.5,2444,2444.88,0,0
2017-07-14,10:00:00,2444.88,2444.88,2442.5,2443.25,0,0
2017-07-14,11:00:00,2443.38,2444,2442.5,2443,0,0
2017-07-14,12:00:00,2442.75,2443.75,2442,2443.25,0,0
2017-07-14,13:00:00,2443.25,2445,2443,2444.5,0,0
2017-07-14,14:00:00,2445,2445.25,2444,2444.75,0,0
2017-07-14,15:00:00,2444.62,2448.25,2443.75,2448.25,0,0
2017-07-14,16:00:00,2448.5,2450,2444.5,2448.75,0,0
2017-07-14,17:00:00,2448.75,2450.25,2447,2449.62,0,0
2017-07-14,18:00:00,2449.62,2450.25,2448.12,2449.75,0,0
2017-07-14,19:00:00,2449.88,2454.25,2449.25,2453.5,0,0
2017-07-14,20:00:00,2453.5,2456.5,2452.88,2456.12,0,0
2017-07-14,21:00:00,2456.12,2457.75,2456,2456.25,0,0
2017-07-14,22:00:00,2456.38,2460.75,2455.38,2456.5,0,0
2017-07-14,23:00:00,2456.5,2457.75,2455.25,2457.12,0,0
2017-07-14,23:59:00,2457.12,2457.12,2457.12,2457.12,0,0
2017-07-17,01:00:00,2457.5,2459,2457,2458,0,0
2017-07-17,02:00:00,2458.12,2458.38,2457,2457.25,0,0
2017-07-17,03:00:00,2457.25,2458.25,2457,2458,0,0
2017-07-17,04:00:00,2458.12,2458.25,2456.25,2456.38,0,0
2017-07-17,05:00:00,2456.38,2457.25,2456.38,2456.75,0,0
2017-07-17,06:00:00,2456.88,2457.25,2456.5,2456.75,0,0
2017-07-17,07:00:00,2456.5,2456.88,2456.5,2456.75,0,0
2017-07-17,08:00:00,2456.75,2457.25,2456.38,2457.12,0,0
2017-07-17,09:00:00,2456.88,2457.38,2456.25,2456.5,0,0
2017-07-17,10:00:00,2456.75,2459,2456.75,2457.38,0,0
2017-07-17,11:00:00,2457.38,2457.62,2456,2456.25,0,0
2017-07-17,12:00:00,2456.25,2456.5,2454,2455.88,0,0
2017-07-17,13:00:00,2455.88,2458.75,2455,2457.5,0,0
2017-07-17,14:00:00,2458,2458.75,2457.25,2457.88,0,0
2017-07-17,15:00:00,2457.88,2458.5,2455.5,2456,0,0
2017-07-17,16:00:00,2456,2458,2454.62,2457.62,0,0
2017-07-17,17:00:00,2457.62,2459.25,2456,2458.75,0,0
2017-07-17,18:00:00,2458.75,2460,2456.5,2457.38,0,0
2017-07-17,19:00:00,2457.38,2459.5,2457.25,2459,0,0
2017-07-17,20:00:00,2459,2460.5,2457.75,2458.12,0,0
2017-07-17,21:00:00,2458.12,2458.25,2456.5,2456.75,0,0
2017-07-17,22:00:00,2456.75,2457.5,2455.25,2456.5,0,0
2017-07-17,23:00:00,2456.5,2459.62,2456.5,2459.5,0,0
2017-07-17,23:59:00,2459.5,2459.5,2459.5,2459.5,0,0
2017-07-18,01:00:00,2458.75,2459,2458.25,2458.5,0,0
2017-07-18,02:00:00,2458.62,2459,2458.5,2458.5,0,0
2017-07-18,03:00:00,2458.62,2459,2456.75,2457,0,0
2017-07-18,04:00:00,2456.88,2457.25,2454.25,2455.75,0,0
2017-07-18,05:00:00,2455.5,2456.5,2455,2455,0,0
2017-07-18,06:00:00,2455,2456.12,2455,2455.75,0,0
2017-07-18,07:00:00,2455.88,2456.5,2455.75,2456,0,0
2017-07-18,08:00:00,2456.5,2456.88,2456,2456.88,0,0
2017-07-18,09:00:00,2456.88,2457.12,2456.5,2456.5,0,0
2017-07-18,10:00:00,2456.75,2457.25,2455.25,2456.25,0,0
2017-07-18,11:00:00,2456.25,2460.5,2455.5,2459,0,0
2017-07-18,12:00:00,2459,2459.75,2458,2459,0,0
2017-07-18,13:00:00,2459,2459.75,2457.25,2458,0,0
2017-07-18,14:00:00,2458,2458.5,2456,2457,0,0
2017-07-18,15:00:00,2457,2457.5,2452,2452,0,0
2017-07-18,16:00:00,2452,2453.75,2450,2452.62,0,0
2017-07-18,17:00:00,2452.62,2454.75,2448,2453.5,0,0
2017-07-18,18:00:00,2453.5,2455.75,2452,2454.88,0,0
2017-07-18,19:00:00,2454.88,2456,2453.5,2454,0,0
2017-07-18,20:00:00,2454,2456.25,2452.75,2455.5,0,0
2017-07-18,21:00:00,2455.62,2456.75,2454.88,2455.75,0,0
2017-07-18,22:00:00,2455.88,2458.5,2455.75,2458.5,0,0
2017-07-18,23:00:00,2458.5,2461,2456.75,2460,0,0
2017-07-19,01:00:00,2459.75,2459.75,2457.75,2458.5,0,0
2017-07-19,02:00:00,2458.25,2458.88,2458.12,2458.62,0,0
2017-07-19,03:00:00,2458.62,2460,2458.25,2460,0,0
2017-07-19,04:00:00,2460,2460.5,2459.25,2460.12,0,0
2017-07-19,05:00:00,2460.12,2460.88,2460,2460.25,0,0
2017-07-19,06:00:00,2460.38,2460.5,2459.75,2459.75,0,0
2017-07-19,07:00:00,2459.75,2460.25,2459.5,2460.12,0,0
2017-07-19,08:00:00,2460.12,2460.5,2459.75,2459.75,0,0
2017-07-19,09:00:00,2459.88,2460.25,2459.25,2459.88,0,0
2017-07-19,10:00:00,2459.88,2460,2458.5,2459.62,0,0
2017-07-19,11:00:00,2459.62,2460,2458.25,2460,0,0
2017-07-19,12:00:00,2459.5,2460,2459,2459.75,0,0
2017-07-19,13:00:00,2459.75,2459.75,2458.5,2458.88,0,0
2017-07-19,14:00:00,2458.75,2459.5,2458.25,2459,0,0
2017-07-19,15:00:00,2459,2461.25,2458.75,2460,0,0
2017-07-19,16:00:00,2460,2465,2459.75,2464.75,0,0
2017-07-19,17:00:00,2464.75,2466.25,2462.5,2464.12,0,0
2017-07-19,18:00:00,2464.25,2466.75,2464,2466.25,0,0
2017-07-19,19:00:00,2466.25,2467.5,2466,2466.75,0,0
2017-07-19,20:00:00,2467,2469,2466.75,2468.25,0,0
2017-07-19,21:00:00,2468.25,2469.5,2468,2468.75,0,0
2017-07-19,22:00:00,2468.75,2471,2468.75,2470.5,0,0
2017-07-19,23:00:00,2470.25,2472,2470.25,2471.25,0,0
2017-07-19,23:59:00,2471.25,2471.25,2471.25,2471.25,0,0
2017-07-20,01:00:00,2470,2471,2469.75,2469.75,0,0
2017-07-20,02:00:00,2470.12,2470.38,2469,2470.38,0,0
2017-07-20,03:00:00,2470.38,2470.75,2470,2470.25,0,0
2017-07-20,04:00:00,2470.38,2470.75,2469.75,2470.25,0,0
2017-07-20,05:00:00,2470.38,2470.5,2469.5,2469.75,0,0
2017-07-20,06:00:00,2469.88,2470.88,2469.5,2470.25,0,0
2017-07-20,07:00:00,2470.38,2470.75,2470,2470.25,0,0
2017-07-20,08:00:00,2470.38,2471.25,2470.25,2470.88,0,0
2017-07-20,09:00:00,2470.88,2471.5,2470.25,2471,0,0
2017-07-20,10:00:00,2471,2474,2471,2473.88,0,0
2017-07-20,11:00:00,2473.88,2474,2472,2472,0,0
2017-07-20,12:00:00,2472.25,2473.12,2471.5,2472.25,0,0
2017-07-20,13:00:00,2472.25,2473.25,2472,2472,0,0
2017-07-20,14:00:00,2472,2473.38,2472,2473.38,0,0
2017-07-20,15:00:00,2473.38,2476.25,2472.25,2473.12,0,0
2017-07-20,16:00:00,2473.12,2475.25,2471.75,2473.88,0,0
2017-07-20,17:00:00,2474,2474,2466,2471.75,0,0
2017-07-20,18:00:00,2471.75,2473.25,2467.75,2471,0,0
2017-07-20,19:00:00,2471,2474,2470,2473.25,0,0
2017-07-20,20:00:00,2473.5,2474.38,2471.62,2474,0,0
2017-07-20,21:00:00,2474,2474,2470.5,2473.25,0,0
2017-07-20,22:00:00,2473.5,2474.5,2470.75,2471.62,0,0
2017-07-20,23:00:00,2471.62,2473.38,2470.75,2472.75,0,0
2017-07-20,23:59:00,2472.75,2472.75,2472.75,2472.75,0,0
2017-07-21,01:00:00,2472.75,2472.75,2471.5,2471.75,0,0
2017-07-21,02:00:00,2471.88,2472.25,2471,2471.62,0,0
2017-07-21,03:00:00,2471.62,2472.75,2471.5,2472,0,0
2017-07-21,04:00:00,2472,2472.5,2471.62,2471.88,0,0
2017-07-21,05:00:00,2471.88,2472.12,2471.25,2471.25,0,0
2017-07-21,06:00:00,2471.38,2471.75,2471.25,2471.25,0,0
2017-07-21,07:00:00,2471.38,2471.38,2471,2471,0,0
2017-07-21,08:00:00,2471.5,2471.62,2471,2471.5,0,0
2017-07-21,09:00:00,2471.5,2471.75,2471,2471.5,0,0
2017-07-21,10:00:00,2471.5,2472.75,2471.25,2472.25,0,0
2017-07-21,11:00:00,2472.38,2474.62,2472.25,2474.25,0,0
2017-07-21,12:00:00,2474.38,2475.25,2472.25,2472.5,0,0
2017-07-21,13:00:00,2472.5,2473.25,2469.25,2470,0,0
2017-07-21,14:00:00,2470,2471.62,2470,2470.62,0,0
2017-07-21,15:00:00,2470.62,2471.25,2468.25,2468.75,0,0
2017-07-21,16:00:00,2468.75,2468.75,2463.5,2464.25,0,0
2017-07-21,17:00:00,2464.25,2466.5,2463.25,2464,0,0
2017-07-21,18:00:00,2463.75,2468,2463.5,2467.88,0,0
2017-07-21,19:00:00,2467.88,2469,2466.75,2468.62,0,0
2017-07-21,20:00:00,2468.62,2470,2467.5,2468,0,0
2017-07-21,21:00:00,2468,2468.75,2466.75,2467.75,0,0
2017-07-21,22:00:00,2467.88,2470,2466,2469.5,0,0
2017-07-21,23:00:00,2469.5,2470,2468.5,2469.5,0,0
2017-07-21,23:59:00,2469.5,2469.5,2469.5,2469.5,0,0
2017-07-24,01:00:00,2468.75,2470.5,2468.75,2469.5,0,0
2017-07-24,02:00:00,2469.62,2470,2468.25,2468.5,0,0
2017-07-24,03:00:00,2468.5,2468.5,2465.5,2466.5,0,0
2017-07-24,04:00:00,2466.62,2466.75,2463.75,2465.5,0,0
2017-07-24,05:00:00,2465.62,2466.25,2465,2466,0,0
2017-07-24,06:00:00,2466.5,2466.5,2465,2466,0,0
2017-07-24,07:00:00,2466,2466.12,2465.5,2466,0,0
2017-07-24,08:00:00,2466.12,2467.25,2466,2467,0,0
2017-07-24,09:00:00,2466.75,2467.25,2466,2466.5,0,0
2017-07-24,10:00:00,2466.62,2467.75,2464.5,2464.88,0,0
2017-07-24,11:00:00,2464.88,2467.25,2464.5,2464.75,0,0
2017-07-24,12:00:00,2464.75,2466,2463.5,2465.25,0,0
2017-07-24,13:00:00,2465.25,2467,2464.75,2467,0,0
2017-07-24,14:00:00,2467,2467.5,2466.25,2466.75,0,0
2017-07-24,15:00:00,2466.75,2469.75,2466.5,2468.25,0,0
2017-07-24,16:00:00,2468.75,2469.25,2465,2467,0,0
2017-07-24,17:00:00,2466.75,2467.25,2464.38,2464.75,0,0
2017-07-24,18:00:00,2464.75,2466.75,2463.88,2466.25,0,0
2017-07-24,19:00:00,2466.62,2467.75,2466.25,2467.25,0,0
2017-07-24,20:00:00,2467.38,2468,2466.5,2467,0,0
2017-07-24,21:00:00,2467,2469.25,2467,2468.25,0,0
2017-07-24,22:00:00,2468.5,2470.5,2467.75,2467.75,0,0
2017-07-24,23:00:00,2467.75,2469,2466.5,2467.38,0,0
2017-07-24,23:59:00,2467.38,2467.38,2467.38,2467.38,0,0
2017-07-25,01:00:00,2466.62,2468,2466.62,2467.25,0,0
2017-07-25,02:00:00,2467.75,2467.75,2467.25,2467.5,0,0
2017-07-25,03:00:00,2467.62,2468.5,2467.5,2468,0,0
2017-07-25,04:00:00,2468.12,2468.75,2467.75,2467.88,0,0
2017-07-25,05:00:00,2467.88,2468.25,2467.5,2468,0,0
2017-07-25,06:00:00,2468.12,2468.12,2467.75,2467.75,0,0
2017-07-25,07:00:00,2468.25,2468.75,2467.75,2468.25,0,0
2017-07-25,08:00:00,2468.38,2468.5,2468,2468,0,0
2017-07-25,09:00:00,2468,2468.25,2466.75,2466.75,0,0
2017-07-25,10:00:00,2467.25,2468.75,2467,2468.25,0,0
2017-07-25,11:00:00,2468.25,2470,2468,2469,0,0
2017-07-25,12:00:00,2469,2471.5,2468.75,2470.62,0,0
2017-07-25,13:00:00,2470.62,2472.75,2470.5,2472.38,0,0
2017-07-25,14:00:00,2472.38,2474.75,2472.25,2474.12,0,0
2017-07-25,15:00:00,2474.12,2475.75,2474.12,2474.88,0,0
2017-07-25,16:00:00,2474.88,2478.25,2473.75,2475.38,0,0
2017-07-25,17:00:00,2475.25,2476.5,2472.5,2475.12,0,0
2017-07-25,18:00:00,2475.12,2478.5,2474.75,2478,0,0
2017-07-25,19:00:00,2478,2478.75,2476.75,2477.38,0,0
2017-07-25,20:00:00,2477.38,2478.5,2477,2477.38,0,0
2017-07-25,21:00:00,2477.38,2477.75,2475.5,2476.5,0,0
2017-07-25,22:00:00,2476.5,2477.25,2473.75,2475.12,0,0
2017-07-25,23:00:00,2475.25,2475.62,2473.5,2475.62,0,0
2017-07-25,23:59:00,2475.62,2475.62,2475.62,2475.62,0,0
2017-07-26,01:00:00,2475,2475.25,2474,2474.75,0,0
2017-07-26,02:00:00,2474.75,2475.25,2474.25,2475.12,0,0
2017-07-26,03:00:00,2475.12,2475.75,2474.25,2474.25,0,0
2017-07-26,04:00:00,2474.75,2475.25,2473.5,2473.5,0,0
2017-07-26,05:00:00,2473.75,2474.12,2472,2472.75,0,0
2017-07-26,06:00:00,2472.88,2473.5,2472.75,2472.88,0,0
2017-07-26,07:00:00,2472.88,2473,2472.5,2472.5,0,0
2017-07-26,08:00:00,2473,2473.75,2472.5,2473.5,0,0
2017-07-26,09:00:00,2473,2473.88,2473,2473.75,0,0
2017-07-26,10:00:00,2473.25,2476.75,2473.25,2476,0,0
2017-07-26,11:00:00,2476,2476.75,2475.25,2476.38,0,0
2017-07-26,12:00:00,2476.38,2477.75,2475.5,2477,0,0
2017-07-26,13:00:00,2477,2477,2475.5,2476.75,0,0
2017-07-26,14:00:00,2477.12,2478.38,2476,2478.25,0,0
2017-07-26,15:00:00,2478.12,2479.5,2477.5,2478.75,0,0
2017-07-26,16:00:00,2478.75,2479.5,2475.38,2477.25,0,0
2017-07-26,17:00:00,2476.88,2478.25,2474.75,2475,0,0
2017-07-26,18:00:00,2475.12,2476.5,2475,2476,0,0
2017-07-26,19:00:00,2476.25,2477,2475.5,2475.75,0,0
2017-07-26,20:00:00,2475.5,2476,2474,2474,0,0
2017-07-26,21:00:00,2474,2477.25,2473.75,2474.5,0,0
2017-07-26,22:00:00,2473.75,2475.5,2472,2474.38,0,0
2017-07-26,23:00:00,2474.62,2475.75,2473.25,2474,0,0
2017-07-26,23:59:00,2474,2474,2474,2474,0,0
2017-07-27,01:00:00,2475.5,2477,2475.25,2476.5,0,0
2017-07-27,02:00:00,2476.62,2477.62,2476.5,2476.75,0,0
2017-07-27,03:00:00,2477,2478,2475.5,2477.5,0,0
2017-07-27,04:00:00,2477.5,2478.12,2477,2477,0,0
2017-07-27,05:00:00,2477,2477.75,2477,2477,0,0
2017-07-27,06:00:00,2477.25,2477.75,2477,2477.5,0,0
2017-07-27,07:00:00,2477.5,2478.75,2477.5,2478.25,0,0
2017-07-27,08:00:00,2478,2478.75,2477.5,2478.25,0,0
2017-07-27,09:00:00,2478.25,2478.75,2476.62,2476.75,0,0
2017-07-27,10:00:00,2476.75,2480,2476.75,2478.5,0,0
2017-07-27,11:00:00,2478.5,2479.25,2477,2477.12,0,0
2017-07-27,12:00:00,2477.12,2477.75,2476.5,2477.25,0,0
2017-07-27,13:00:00,2477.25,2478.75,2476.75,2478.5,0,0
2017-07-27,14:00:00,2478.5,2478.75,2477,2477.25,0,0
2017-07-27,15:00:00,2477.38,2478.75,2477.25,2478.38,0,0
2017-07-27,16:00:00,2478.38,2480.25,2475.75,2476,0,0
2017-07-27,17:00:00,2476,2479.75,2475.88,2479.5,0,0
2017-07-27,18:00:00,2479.5,2479.75,2477.25,2479.5,0,0
2017-07-27,19:00:00,2479.5,2479.75,2469.5,2470.75,0,0
2017-07-27,20:00:00,2470.75,2472,2457.75,2462,0,0
2017-07-27,21:00:00,2462,2467.5,2461,2464.25,0,0
2017-07-27,22:00:00,2464.25,2471.88,2462.25,2471.88,0,0
2017-07-27,23:00:00,2471.88,2472.75,2468.5,2472.12,0,0
2017-07-27,23:59:00,2472.12,2472.12,2472.12,2472.12,0,0
2017-07-28,01:00:00,2471.38,2471.38,2469.5,2470.25,0,0
2017-07-28,02:00:00,2470.25,2470.5,2468.25,2468.75,0,0
2017-07-28,03:00:00,2468.75,2469,2464.5,2465.25,0,0
2017-07-28,04:00:00,2465,2465.25,2462.38,2464.38,0,0
2017-07-28,05:00:00,2464.38,2465.38,2464.25,2465,0,0
2017-07-28,06:00:00,2464.75,2464.88,2463,2463.5,0,0
2017-07-28,07:00:00,2463.38,2464.75,2462.75,2464.5,0,0
2017-07-28,08:00:00,2464.62,2464.62,2463.25,2464,0,0
2017-07-28,09:00:00,2463.75,2466.25,2463.75,2465.5,0,0
2017-07-28,10:00:00,2466,2467.25,2464,2467.12,0,0
2017-07-28,11:00:00,2467,2467.25,2464.5,2465,0,0
2017-07-28,12:00:00,2465,2465.25,2462.75,2463.5,0,0
2017-07-28,13:00:00,2463.5,2464.5,2461.5,2464.25,0,0
2017-07-28,14:00:00,2464.25,2466.75,2464,2465.5,0,0
2017-07-28,15:00:00,2465.5,2467.5,2465,2466.25,0,0
2017-07-28,16:00:00,2466.25,2469,2464.5,2465,0,0
2017-07-28,17:00:00,2465,2466.25,2462.5,2464,0,0
2017-07-28,18:00:00,2464,2467.25,2462.25,2466.75,0,0
2017-07-28,19:00:00,2466.75,2468,2466.25,2466.75,0,0
2017-07-28,20:00:00,2466.75,2467.75,2465.75,2466.75,0,0
2017-07-28,21:00:00,2467,2469,2466,2468.5,0,0
2017-07-28,22:00:00,2468.5,2470.75,2467.25,2469,0,0
2017-07-28,23:00:00,2469,2471.5,2469,2470.5,0,0
2017-07-28,23:59:00,2470.5,2470.5,2470.5,2470.5,0,0
2017-07-31,01:00:00,2469.25,2470,2468.5,2468.75,0,0
2017-07-31,02:00:00,2468.75,2469.62,2467.75,2468,0,0
2017-07-31,03:00:00,2468.12,2468.12,2466.25,2467,0,0
2017-07-31,04:00:00,2467,2468.5,2466.75,2468,0,0
2017-07-31,05:00:00,2468.5,2468.75,2467.88,2468,0,0
2017-07-31,06:00:00,2468.12,2468.12,2467,2467.5,0,0
2017-07-31,07:00:00,2467.25,2468.25,2467.25,2468,0,0
2017-07-31,08:00:00,2468.5,2468.75,2467.5,2467.75,0,0
2017-07-31,09:00:00,2467.75,2469.25,2467.5,2468.75,0,0
2017-07-31,10:00:00,2468.75,2474.75,2468.75,2472.75,0,0
2017-07-31,11:00:00,2472.75,2473.25,2471.5,2472.25,0,0
2017-07-31,12:00:00,2472.25,2473.88,2470.75,2472.5,0,0
2017-07-31,13:00:00,2472.62,2472.75,2471.5,2471.75,0,0
2017-07-31,14:00:00,2471.75,2473.5,2471.75,2473.25,0,0
2017-07-31,15:00:00,2473.12,2475,2472.5,2473.5,0,0
2017-07-31,16:00:00,2473.5,2474.88,2471,2471,0,0
2017-07-31,17:00:00,2471,2471,2465.25,2466.75,0,0
2017-07-31,18:00:00,2466.75,2470.25,2466.75,2469.75,0,0
2017-07-31,19:00:00,2469.25,2471,2468,2470.62,0,0
2017-07-31,20:00:00,2470.62,2471.75,2468.75,2470.25,0,0
2017-07-31,21:00:00,2470,2470.75,2468.25,2468.5,0,0
2017-07-31,22:00:00,2468.62,2472,2467.25,2468.25,0,0
2017-07-31,23:00:00,2468.25,2470.5,2467.5,2468.5,0,0
2017-08-01,01:00:00,2468.25,2468.25,2466.38,2467.5,0,0
2017-08-01,02:00:00,2467.62,2468,2467.5,2467.5,0,0
2017-08-01,03:00:00,2467.62,2469.88,2467.5,2469.25,0,0
2017-08-01,04:00:00,2469.38,2475.5,2469.25,2474.75,0,0
2017-08-01,05:00:00,2474.88,2474.88,2473.25,2473.5,0,0
2017-08-01,06:00:00,2474,2474,2472.75,2472.75,0,0
2017-08-01,07:00:00,2472.75,2474.25,2472.5,2473.62,0,0
2017-08-01,08:00:00,2473.5,2474.25,2472.25,2472.88,0,0
2017-08-01,09:00:00,2472.75,2474.75,2472.75,2474.75,0,0
2017-08-01,10:00:00,2474.75,2475.25,2472.75,2475.25,0,0
2017-08-01,11:00:00,2475.25,2477.25,2474.25,2476.75,0,0
2017-08-01,12:00:00,2476.75,2477.25,2474.5,2475,0,0
2017-08-01,13:00:00,2475.25,2475.5,2473,2473.5,0,0
2017-08-01,14:00:00,2473.62,2473.75,2471.25,2473.12,0,0
2017-08-01,15:00:00,2473,2475,2472.25,2475,0,0
2017-08-01,16:00:00,2475,2476,2469.25,2469.75,0,0
2017-08-01,17:00:00,2469.75,2473.25,2468.5,2472.5,0,0
2017-08-01,18:00:00,2472.62,2473.25,2468.5,2472.5,0,0
2017-08-01,19:00:00,2472.62,2474,2472.25,2473,0,0
2017-08-01,20:00:00,2472.5,2473.75,2472.5,2473.25,0,0
2017-08-01,21:00:00,2473.25,2473.75,2472.25,2473.38,0,0
2017-08-01,22:00:00,2473.38,2473.75,2471.5,2473.25,0,0
2017-08-01,23:00:00,2473.25,2474.75,2471.62,2474.25,0,0
2017-08-02,01:00:00,2475.5,2475.5,2473.75,2474,0,0
2017-08-02,02:00:00,2474.25,2475.5,2474,2475.5,0,0
2017-08-02,03:00:00,2475.5,2475.5,2473.75,2473.88,0,0
2017-08-02,04:00:00,2473.88,2474.75,2473.38,2473.75,0,0
2017-08-02,05:00:00,2473.88,2474.75,2473.75,2474.5,0,0
2017-08-02,06:00:00,2474.62,2475,2474.25,2474.75,0,0
2017-08-02,07:00:00,2474.88,2475.25,2474.5,2474.5,0,0
2017-08-02,08:00:00,2474.88,2475.5,2474.5,2474.5,0,0
2017-08-02,09:00:00,2474.62,2475.5,2474.5,2475.25,0,0
2017-08-02,10:00:00,2475.25,2475.25,2473.25,2474.62,0,0
2017-08-02,11:00:00,2474.62,2474.75,2473,2473.75,0,0
2017-08-02,12:00:00,2473.75,2474.5,2473,2474.25,0,0
2017-08-02,13:00:00,2474.25,2475.75,2473.5,2473.5,0,0
2017-08-02,14:00:00,2473.5,2473.5,2472.25,2473,0,0
2017-08-02,15:00:00,2473.12,2475.25,2473,2475,0,0
2017-08-02,16:00:00,2474.75,2475.75,2471.25,2471.75,0,0
2017-08-02,17:00:00,2471.5,2474.25,2463.25,2464.12,0,0
2017-08-02,18:00:00,2464.12,2469.75,2463.5,2467.75,0,0
2017-08-02,19:00:00,2467.75,2468.25,2465.88,2466.75,0,0
2017-08-02,20:00:00,2466.75,2471.75,2465.88,2471.25,0,0
2017-08-02,21:00:00,2471.25,2473.75,2470.5,2473,0,0
2017-08-02,22:00:00,2473,2474.5,2471,2474.5,0,0
2017-08-02,23:00:00,2474.5,2474.5,2473,2473.5,0,0
2017-08-02,23:59:00,2473.5,2473.5,2473.5,2473.5,0,0
2017-08-03,01:00:00,2473.12,2473.62,2472.75,2473.12,0,0
2017-08-03,02:00:00,2473,2473.12,2471.75,2472.25,0,0
2017-08-03,03:00:00,2472.12,2472.5,2470.5,2471.5,0,0
2017-08-03,04:00:00,2472,2472,2470.5,2471,0,0
2017-08-03,05:00:00,2471,2472,2470,2471.5,0,0
2017-08-03,06:00:00,2471.62,2472.5,2471.25,2471.75,0,0
2017-08-03,07:00:00,2471.75,2471.88,2470.75,2471,0,0
2017-08-03,08:00:00,2471.12,2471.75,2470.5,2471.5,0,0
2017-08-03,09:00:00,2472.25,2472.25,2470.75,2470.75,0,0
2017-08-03,10:00:00,2470.75,2471.25,2467.75,2468.38,0,0
2017-08-03,11:00:00,2468.38,2471.25,2468.25,2471.25,0,0
2017-08-03,12:00:00,2471.25,2472.75,2470.5,2471,0,0
2017-08-03,13:00:00,2471,2473.5,2470.75,2472.5,0,0
2017-08-03,14:00:00,2472.5,2473.25,2470.88,2472.62,0,0
2017-08-03,15:00:00,2472.62,2474.25,2472,2474,0,0
2017-08-03,16:00:00,2473.75,2474,2469,2469.25,0,0
2017-08-03,17:00:00,2469.25,2472.75,2468.5,2472.25,0,0
2017-08-03,18:00:00,2472.25,2472.75,2468.75,2469,0,0
2017-08-03,19:00:00,2469.5,2470.75,2468.75,2469.5,0,0
2017-08-03,20:00:00,2469.5,2471.5,2467.75,2470.75,0,0
2017-08-03,21:00:00,2470.88,2471.5,2469.25,2469.62,0,0
2017-08-03,22:00:00,2469.62,2472,2466.75,2469.5,0,0
2017-08-03,23:00:00,2469.5,2473,2469.25,2470.75,0,0
2017-08-03,23:59:00,2470.75,2470.75,2470.75,2470.75,0,0
2017-08-04,01:00:00,2471,2471.25,2469.75,2470.25,0,0
2017-08-04,02:00:00,2470.38,2470.38,2468.25,2468.88,0,0
2017-08-04,03:00:00,2468.88,2470.25,2467.62,2470,0,0
2017-08-04,04:00:00,2470.12,2470.5,2469.25,2470.12,0,0
2017-08-04,05:00:00,2470.12,2470.62,2469.75,2470.62,0,0
2017-08-04,06:00:00,2470.62,2470.75,2470.25,2470.25,0,0
2017-08-04,07:00:00,2470.38,2471.5,2470.25,2471,0,0
2017-08-04,08:00:00,2471.12,2471.38,2470.5,2471,0,0
2017-08-04,09:00:00,2471,2471.75,2470.5,2471.5,0,0
2017-08-04,10:00:00,2471.5,2473,2470.75,2472.88,0,0
2017-08-04,11:00:00,2472.88,2473.5,2472.25,2473,0,0
2017-08-04,12:00:00,2472.75,2474.25,2472.5,2473,0,0
2017-08-04,13:00:00,2473.5,2474.25,2472.88,2473.5,0,0
2017-08-04,14:00:00,2473.62,2475.5,2473.62,2475,0,0
2017-08-04,15:00:00,2475,2476.5,2473.75,2474.5,0,0
2017-08-04,16:00:00,2474.5,2477.75,2472,2472,0,0
2017-08-04,17:00:00,2472,2475.25,2469.25,2472.5,0,0
2017-08-04,18:00:00,2472.5,2474.5,2471.5,2474,0,0
2017-08-04,19:00:00,2474,2474,2471.75,2473.12,0,0
2017-08-04,20:00:00,2473.12,2474,2472.25,2474,0,0
2017-08-04,21:00:00,2474,2474,2471,2472,0,0
2017-08-04,22:00:00,2472,2474.25,2471.25,2472.75,0,0
2017-08-04,23:00:00,2473.5,2473.5,2471.5,2471.75,0,0
2017-08-04,23:59:00,2471.88,2471.88,2471.88,2471.88,0,0
2017-08-07,01:00:00,2472.25,2473.75,2472,2472.75,0,0
2017-08-07,02:00:00,2472.75,2473.5,2472.75,2473,0,0
2017-08-07,03:00:00,2473.12,2476.5,2473,2476.5,0,0
2017-08-07,04:00:00,2476.75,2477.25,2476,2476.12,0,0
2017-08-07,05:00:00,2476.12,2476.75,2475.75,2476.62,0,0
2017-08-07,06:00:00,2476.5,2477,2476.25,2476.75,0,0
2017-08-07,07:00:00,2476.88,2476.88,2476.5,2476.5,0,0
2017-08-07,08:00:00,2476.62,2477,2476,2476.25,0,0
2017-08-07,09:00:00,2476.5,2477,2475.75,2476.38,0,0
2017-08-07,10:00:00,2476.38,2477.25,2475.75,2476,0,0
2017-08-07,11:00:00,2476.12,2476.5,2475.25,2476,0,0
2017-08-07,12:00:00,2475.75,2475.75,2474,2474.25,0,0
2017-08-07,13:00:00,2474,2475,2473.75,2474.25,0,0
2017-08-07,14:00:00,2474.75,2474.75,2473,2473.25,0,0
2017-08-07,15:00:00,2473.38,2475,2473.25,2474,0,0
2017-08-07,16:00:00,2474.12,2475.38,2473.25,2474.75,0,0
2017-08-07,17:00:00,2474.75,2475.75,2473,2474.25,0,0
2017-08-07,18:00:00,2473.62,2476,2473.62,2475.5,0,0
2017-08-07,19:00:00,2475.5,2476.5,2475.5,2476.5,0,0
2017-08-07,20:00:00,2476.62,2476.88,2475.25,2476,0,0
2017-08-07,21:00:00,2476,2477.25,2475.75,2476.5,0,0
2017-08-07,22:00:00,2476.25,2478.12,2476.25,2477.75,0,0
2017-08-07,23:00:00,2477.5,2477.88,2477,2477.75,0,0
2017-08-08,01:00:00,2476.75,2477,2475.75,2476,0,0
2017-08-08,02:00:00,2476.12,2476.62,2476,2476.5,0,0
2017-08-08,03:00:00,2476.62,2476.88,2475.5,2475.88,0,0
2017-08-08,04:00:00,2475.88,2476,2473.75,2474.25,0,0
2017-08-08,05:00:00,2474.25,2475,2473.5,2474.62,0,0
2017-08-08,06:00:00,2474.5,2475,2474.5,2474.5,0,0
2017-08-08,07:00:00,2474.62,2475.12,2474.5,2474.88,0,0
2017-08-08,08:00:00,2474.75,2475.38,2474.75,2475.25,0,0
2017-08-08,09:00:00,2475.38,2475.75,2474.75,2475.62,0,0
2017-08-08,10:00:00,2475.62,2476.5,2475,2476,0,0
2017-08-08,11:00:00,2476,2476.75,2475.25,2475.62,0,0
2017-08-08,12:00:00,2475.62,2476.25,2475.5,2476.12,0,0
2017-08-08,13:00:00,2476.25,2476.75,2475.5,2476.25,0,0
2017-08-08,14:00:00,2476.25,2476.38,2473.5,2474,0,0
2017-08-08,15:00:00,2474.25,2475,2473.5,2474.25,0,0
2017-08-08,16:00:00,2474.38,2475.62,2472.75,2475.38,0,0
2017-08-08,17:00:00,2475.38,2482.5,2475.12,2482,0,0
2017-08-08,18:00:00,2482,2487.25,2481.88,2487.12,0,0
2017-08-08,19:00:00,2487.12,2488.12,2482,2482.12,0,0
2017-08-08,20:00:00,2482.12,2482.75,2478,2480.5,0,0
2017-08-08,21:00:00,2480.5,2480.75,2476.75,2477.25,0,0
2017-08-08,22:00:00,2477.25,2477.5,2467.5,2472.25,0,0
2017-08-08,23:00:00,2472.25,2473,2471.25,2471.5,0,0
2017-08-08,23:59:00,2471.5,2471.5,2471.5,2471.5,0,0
2017-08-09,01:00:00,2469.75,2470.25,2467.75,2468.75,0,0
2017-08-09,02:00:00,2468.62,2469,2466.5,2467.25,0,0
2017-08-09,03:00:00,2467.25,2467.75,2461.5,2463.25,0,0
2017-08-09,04:00:00,2463,2464.75,2461.75,2464.5,0,0
2017-08-09,05:00:00,2464.25,2466,2463.25,2464.75,0,0
2017-08-09,06:00:00,2464.75,2465.75,2464.25,2464.25,0,0
2017-08-09,07:00:00,2464.38,2465.5,2464.38,2465,0,0
2017-08-09,08:00:00,2465.25,2466.5,2464.75,2466.25,0,0
2017-08-09,09:00:00,2466.38,2467.5,2466,2466.75,0,0
2017-08-09,10:00:00,2467.25,2468,2465,2465,0,0
2017-08-09,11:00:00,2465,2465.5,2461.25,2465.5,0,0
2017-08-09,12:00:00,2465.5,2465.75,2459.12,2460.25,0,0
2017-08-09,13:00:00,2460.75,2464.75,2460.25,2464.5,0,0
2017-08-09,14:00:00,2464.5,2465.5,2461.25,2462.25,0,0
2017-08-09,15:00:00,2461.75,2465,2460,2464.38,0,0
2017-08-09,16:00:00,2464.38,2467,2459.62,2466.5,0,0
2017-08-09,17:00:00,2466.5,2468.5,2462.5,2468,0,0
2017-08-09,18:00:00,2468,2470,2463.38,2469.88,0,0
2017-08-09,19:00:00,2469.88,2470.5,2467,2467.25,0,0
2017-08-09,20:00:00,2467,2468.75,2466,2466.5,0,0
2017-08-09,21:00:00,2466.5,2467.25,2462.75,2465,0,0
2017-08-09,22:00:00,2465.25,2471.75,2463.75,2471.75,0,0
2017-08-09,23:00:00,2471.75,2474.5,2470.5,2473.75,0,0
2017-08-10,01:00:00,2473.25,2473.75,2471.5,2471.75,0,0
2017-08-10,02:00:00,2472.25,2472.5,2471,2471.5,0,0
2017-08-10,03:00:00,2471.62,2472.5,2471.25,2471.75,0,0
2017-08-10,04:00:00,2471.5,2472.25,2470,2470.75,0,0
2017-08-10,05:00:00,2470.75,2470.75,2467.5,2468.25,0,0
2017-08-10,06:00:00,2468.25,2468.75,2466.25,2466.75,0,0
2017-08-10,07:00:00,2466.75,2467.25,2466,2466.88,0,0
2017-08-10,08:00:00,2467.12,2467.88,2466.75,2467.25,0,0
2017-08-10,09:00:00,2467.38,2469,2467.25,2469,0,0
2017-08-10,10:00:00,2469,2469,2466,2467.5,0,0
2017-08-10,11:00:00,2467.5,2468,2464.5,2464.75,0,0
2017-08-10,12:00:00,2464.75,2465,2462.5,2463.75,0,0
2017-08-10,13:00:00,2464,2465.25,2461.75,2463.12,0,0
2017-08-10,14:00:00,2463.12,2464.75,2461,2463.88,0,0
2017-08-10,15:00:00,2463.88,2464.5,2461.75,2462.25,0,0
2017-08-10,16:00:00,2462.25,2463,2456,2456.5,0,0
2017-08-10,17:00:00,2456.5,2457.75,2449,2453.25,0,0
2017-08-10,18:00:00,2453.25,2454.25,2447.5,2449,0,0
2017-08-10,19:00:00,2449,2449.75,2443,2447.5,0,0
2017-08-10,20:00:00,2447.25,2450,2444.88,2447,0,0
2017-08-10,21:00:00,2447,2453.12,2444.5,2448.5,0,0
2017-08-10,22:00:00,2448.5,2449.75,2435.75,2435.75,0,0
2017-08-10,23:00:00,2435.75,2440.5,2432.75,2434,0,0
2017-08-10,23:59:00,2434,2434,2434,2434,0,0
2017-08-11,01:00:00,2433,2436.75,2433,2436.25,0,0
2017-08-11,02:00:00,2436.25,2437.25,2436,2436.5,0,0
2017-08-11,03:00:00,2436.25,2437,2434,2434.75,0,0
2017-08-11,04:00:00,2434.75,2437.5,2434.62,2435.5,0,0
2017-08-11,05:00:00,2435.62,2436.25,2433.5,2434.25,0,0
2017-08-11,06:00:00,2434.5,2435.25,2433.5,2435,0,0
2017-08-11,07:00:00,2435,2435.75,2434.75,2434.75,0,0
2017-08-11,08:00:00,2435.25,2436,2434,2435.62,0,0
2017-08-11,09:00:00,2435.62,2438,2435.5,2437.25,0,0
2017-08-11,10:00:00,2437.25,2438,2435,2435.88,0,0
2017-08-11,11:00:00,2435.88,2436.12,2430.75,2433.5,0,0
2017-08-11,12:00:00,2433.5,2434.75,2431.25,2433.25,0,0
2017-08-11,13:00:00,2433.25,2435,2432.75,2433,0,0
2017-08-11,14:00:00,2433.5,2434.5,2430.25,2432.75,0,0
2017-08-11,15:00:00,2433,2442,2432.5,2440.5,0,0
2017-08-11,16:00:00,2440.5,2444.5,2436.25,2440,0,0
2017-08-11,17:00:00,2440,2446.5,2438.75,2444.5,0,0
2017-08-11,18:00:00,2444.5,2444.75,2438.75,2440.88,0,0
2017-08-11,19:00:00,2440.88,2443.75,2440.5,2442.25,0,0
2017-08-11,20:00:00,2441.88,2444,2441,2442.75,0,0
2017-08-11,21:00:00,2442.5,2445.25,2437.5,2437.75,0,0
2017-08-11,22:00:00,2437.75,2442.5,2436.5,2438.5,0,0
2017-08-11,23:00:00,2438.5,2440.75,2438.5,2440.25,0,0
2017-08-11,23:59:00,2440.25,2440.5,2440.25,2440.5,0,0
2017-08-14,01:00:00,2443.5,2445.25,2443.5,2444.5,0,0
2017-08-14,02:00:00,2444.62,2447.25,2444.5,2447,0,0
2017-08-14,03:00:00,2447,2449.5,2446.5,2448.88,0,0
2017-08-14,04:00:00,2448.88,2449.75,2447.25,2447.75,0,0
2017-08-14,05:00:00,2447.88,2448.5,2447.25,2448.25,0,0
2017-08-14,06:00:00,2448.25,2449.75,2448.25,2449,0,0
2017-08-14,07:00:00,2449.12,2449.5,2448.25,2448.25,0,0
2017-08-14,08:00:00,2448.12,2448.75,2447.75,2448,0,0
2017-08-14,09:00:00,2448,2449.75,2448,2449,0,0
2017-08-14,10:00:00,2449,2455.5,2448.5,2455,0,0
2017-08-14,11:00:00,2455,2455.25,2452.62,2454,0,0
2017-08-14,12:00:00,2454,2455,2453.25,2453.25,0,0
2017-08-14,13:00:00,2453.12,2454.5,2452.5,2454,0,0
2017-08-14,14:00:00,2454,2454.38,2451.75,2453,0,0
2017-08-14,15:00:00,2453.5,2454.5,2452.5,2453.75,0,0
2017-08-14,16:00:00,2453.75,2460.88,2452,2460.5,0,0
2017-08-14,17:00:00,2460.5,2466.25,2460.25,2465,0,0
2017-08-14,18:00:00,2465,2465.75,2463.25,2464.5,0,0
2017-08-14,19:00:00,2464.5,2466,2463,2464,0,0
2017-08-14,20:00:00,2464,2465.5,2463.25,2464.5,0,0
2017-08-14,21:00:00,2464.75,2465.5,2461.25,2462.62,0,0
2017-08-14,22:00:00,2462.62,2466.25,2461.25,2464.12,0,0
2017-08-14,23:00:00,2464.12,2465.38,2462,2464.75,0,0
2017-08-14,23:59:00,2464.75,2464.75,2464.75,2464.75,0,0
2017-08-15,01:00:00,2463.25,2466,2462.5,2465.25,0,0
2017-08-15,02:00:00,2465.25,2468,2464.75,2467.5,0,0
2017-08-15,03:00:00,2467.25,2471.5,2467.25,2471,0,0
2017-08-15,04:00:00,2471,2473,2471,2471.38,0,0
2017-08-15,05:00:00,2471.38,2472,2470.75,2470.75,0,0
2017-08-15,06:00:00,2470.88,2471.75,2470.25,2471,0,0
2017-08-15,07:00:00,2470.75,2470.88,2468.75,2469,0,0
2017-08-15,08:00:00,2469.12,2470,2468.75,2469.12,0,0
2017-08-15,09:00:00,2469.12,2469.5,2467.25,2468.75,0,0
2017-08-15,10:00:00,2469,2469.75,2466,2466.75,0,0
2017-08-15,11:00:00,2466.75,2468.5,2465.25,2467.25,0,0
2017-08-15,12:00:00,2467.25,2468.5,2467,2467.25,0,0
2017-08-15,13:00:00,2467.25,2469,2466.5,2468.88,0,0
2017-08-15,14:00:00,2468.88,2470.25,2468.5,2468.75,0,0
2017-08-15,15:00:00,2468.75,2470.5,2467.25,2468.75,0,0
2017-08-15,16:00:00,2469.25,2470,2462.62,2465.75,0,0
2017-08-15,17:00:00,2465.75,2466.5,2460,2463.12,0,0
2017-08-15,18:00:00,2463.12,2465,2462,2462,0,0
2017-08-15,19:00:00,2462.12,2465,2462,2463.88,0,0
2017-08-15,20:00:00,2463.88,2463.88,2460.5,2462.38,0,0
2017-08-15,21:00:00,2462.38,2465.25,2462.25,2465,0,0
2017-08-15,22:00:00,2465,2467.5,2463.25,2464,0,0
2017-08-15,23:00:00,2464,2465,2463.25,2464.5,0,0
2017-08-16,01:00:00,2464.75,2465.5,2461.5,2463.12,0,0
2017-08-16,02:00:00,2463.12,2463.12,2461.75,2462.5,0,0
2017-08-16,03:00:00,2462.75,2464.5,2461.75,2461.88,0,0
2017-08-16,04:00:00,2462.12,2463.25,2462,2462.5,0,0
2017-08-16,05:00:00,2463,2463.25,2462,2462.25,0,0
2017-08-16,06:00:00,2462.38,2463,2462.25,2462.88,0,0
2017-08-16,07:00:00,2462.75,2463.38,2462.5,2463,0,0
2017-08-16,08:00:00,2463,2464.75,2463,2463.75,0,0
2017-08-16,09:00:00,2463.75,2466.5,2463.25,2466.5,0,0
2017-08-16,10:00:00,2466.5,2469.5,2465.75,2468.62,0,0
2017-08-16,11:00:00,2468.62,2470,2468.25,2469.5,0,0
2017-08-16,12:00:00,2469.38,2471.12,2468.25,2470.5,0,0
2017-08-16,13:00:00,2470.5,2470.75,2468.5,2469,0,0
2017-08-16,14:00:00,2469,2469.75,2467.5,2467.88,0,0
2017-08-16,15:00:00,2467.75,2469.5,2467.25,2469,0,0
2017-08-16,16:00:00,2469,2470.25,2467.25,2469.5,0,0
2017-08-16,17:00:00,2469.5,2472.75,2468.75,2471.75,0,0
2017-08-16,18:00:00,2471.75,2473,2469,2471.75,0,0
2017-08-16,19:00:00,2471.88,2473.75,2469.5,2470.25,0,0
2017-08-16,20:00:00,2470.25,2471.25,2465.75,2467.25,0,0
2017-08-16,21:00:00,2467.25,2470.25,2462.75,2467.25,0,0
2017-08-16,22:00:00,2467.25,2467.88,2465,2467,0,0
2017-08-16,23:00:00,2467,2468,2466.25,2466.5,0,0
2017-08-16,23:59:00,2466.5,2466.5,2466.5,2466.5,0,0
2017-08-17,01:00:00,2465.25,2465.5,2463.5,2463.75,0,0
2017-08-17,02:00:00,2463.75,2464.5,2462.62,2463.75,0,0
2017-08-17,03:00:00,2463.88,2465,2463,2464.5,0,0
2017-08-17,04:00:00,2464.25,2465,2463.25,2463.38,0,0
2017-08-17,05:00:00,2463.38,2464,2463,2463.75,0,0
2017-08-17,06:00:00,2463.75,2465.5,2463.5,2465.12,0,0
2017-08-17,07:00:00,2465.12,2465.5,2465,2465.25,0,0
2017-08-17,08:00:00,2465.38,2465.75,2464.25,2464.75,0,0
2017-08-17,09:00:00,2465.12,2466,2465,2465.38,0,0
2017-08-17,10:00:00,2465.38,2468.25,2464.5,2466.5,0,0
2017-08-17,11:00:00,2466.5,2466.75,2463.25,2464.38,0,0
2017-08-17,12:00:00,2464.38,2465.25,2463.25,2465,0,0
2017-08-17,13:00:00,2464.75,2465.25,2463.62,2464,0,0
2017-08-17,14:00:00,2463.62,2465,2460.25,2461.38,0,0
2017-08-17,15:00:00,2461.38,2462.5,2458.5,2461.5,0,0
2017-08-17,16:00:00,2461.5,2464,2459,2459.25,0,0
2017-08-17,17:00:00,2459.25,2459.75,2449.75,2453,0,0
2017-08-17,18:00:00,2453,2458,2449.75,2451.12,0,0
2017-08-17,19:00:00,2451.12,2452.75,2442.75,2444.12,0,0
2017-08-17,20:00:00,2444.12,2445.75,2441,2443.12,0,0
2017-08-17,21:00:00,2443.12,2444.25,2438.5,2440.75,0,0
2017-08-17,22:00:00,2440.75,2440.75,2429.25,2429.25,0,0
2017-08-17,23:00:00,2429.25,2430.88,2423.75,2426.88,0,0
2017-08-17,23:59:00,2426.88,2427.5,2426.88,2427.5,0,0
2017-08-18,01:00:00,2425.75,2428.5,2425.75,2428,0,0
2017-08-18,02:00:00,2428.25,2429.25,2426.25,2426.75,0,0
2017-08-18,03:00:00,2426.75,2432.25,2424.75,2431.75,0,0
2017-08-18,04:00:00,2431.75,2434,2431.75,2433,0,0
2017-08-18,05:00:00,2432.75,2433.25,2430.25,2432,0,0
2017-08-18,06:00:00,2432,2432.75,2430.75,2430.75,0,0
2017-08-18,07:00:00,2430.75,2431.25,2429.75,2430.62,0,0
2017-08-18,08:00:00,2430.62,2433,2430.5,2432.25,0,0
2017-08-18,09:00:00,2432.5,2433.25,2429.5,2429.5,0,0
2017-08-18,10:00:00,2429.5,2431,2426.75,2428.5,0,0
2017-08-18,11:00:00,2428.5,2429.88,2424.5,2425.5,0,0
2017-08-18,12:00:00,2426,2430.5,2425.5,2429.25,0,0
2017-08-18,13:00:00,2429.25,2431.5,2428.75,2429.75,0,0
2017-08-18,14:00:00,2429.88,2432.5,2427.62,2431.25,0,0
2017-08-18,15:00:00,2431.25,2433.5,2431,2431.5,0,0
2017-08-18,16:00:00,2431.25,2431.25,2420,2420,0,0
2017-08-18,17:00:00,2419.88,2427.5,2419.88,2424.5,0,0
2017-08-18,18:00:00,2424.5,2434.75,2420.5,2433.12,0,0
2017-08-18,19:00:00,2433.12,2439,2430.25,2436,0,0
2017-08-18,20:00:00,2436,2437,2428.75,2429,0,0
2017-08-18,21:00:00,2429,2432.25,2428.5,2429.5,0,0
2017-08-18,22:00:00,2429.5,2432.25,2424.25,2424.5,0,0
2017-08-18,23:00:00,2424.5,2428,2424.5,2425,0,0
